0.0
0.0
16.768418897457327
9.239622347232782
8.43383632539396
2.727975395420181
3.6265155882949696
3.089941811762228
4.03680645599707
3.1716577551556475
2.635063561241991
8.653904760248722
4.544585896388427
4.464478395887171
9.20995576084945
5.139648110617854
5.426184512902397
2.668272298300524
16.22895691560584
4.834445286350893
7.560687848308792
23.894229992690846
43.600986595461066
40.86176914446533
42.36236573468695
42.00980162244497
41.27890356830026
42.2931461501607
42.21964527218314
42.26156106402324
43.02939825891879
45.748108628658834
32.41056880528006
44.829298292101754
44.86826655310759
44.348721533105525
44.79387093371637
44.90373225195065
80.59964079073636
32.46814395745945
38.36913724346561
41.62076282785101
41.81954572451864
82.63181385165996
43.263303815514554
82.54131931436301
82.68892959989
82.78622554933223
82.86025500202472
44.385412894099986
44.19105812729428
44.17087813564975
82.74270488115133
82.66073068584811
45.01253296621373
82.95615737336892
82.78054211020442
82.66568059139811
82.96072395582736
45.01654846722344
42.855987994351544
82.64401454877162
82.9873217563585
82.78669293845236
