0.0
0.0
15.171005321220653
2.687994930684279
3.3771968789278897
6.2926503329759065
3.66599033876971
14.05045020243688
7.202141521121816
7.23110170732964
4.112718855947285
4.735264799707539
17.184250789211287
2.9801289602998975
2.3197722663536795
1.6671958258786066
1.4753019432890968
2.142207878956967
8.911671262048804
3.3166741498447645
2.2873101723958946
1.9718731338062352
2.483530463546924
3.472947709789058
2.821350119561592
2.2306017146518964
11.671176224805912
1.5420537977854287
6.841458274934279
5.102611130087777
5.145636789579687
2.6354037921263407
1.634730340617218
5.357024958041762
2.9564148535669887
3.170959299399123
3.097572581171923
4.76048225689365
2.9109704633390465
6.469076824998345
7.2628820899935675
2.4294663664484197
10.649160162971478
2.657519142597321
2.3367669286843524
6.405073582728682
2.4250092482672176
4.739373185549326
1.6288514258004496
4.239639692559273
2.4468203731023226
2.4599869210760934
4.359985909608124
7.522469040128514
2.059238936448633
1.5033521960559186
3.0605581372772663
2.7519637413314486
4.608284316232973
4.675634143189764
3.3060851213221993
8.53904600601086
2.50489038195469
8.325302939627123
8.721977967464763
2.149387289690652
5.323791069341113
3.656433803119943
1.7278767521557636
3.719083431450247
10.763171774291534
4.741019961794828
4.269717354220455
4.652835315551622
4.753690434840473
1.9356857842133208
2.116774706285258
2.8035547589834815
4.0329629914884695
8.87843166651975
2.8473474194675044
8.079180020572773
3.183146396410785
2.174710994341826
2.3123939033052543
6.431060560142588
3.951261101676474
4.693674209473847
3.3365125198942627
3.0324155262024886
2.1278261035124304
4.136874588819933
1.6337262964805064
5.15920305649545
1.8421484379187563
9.283457019092701
4.481471808713568
3.7352583268886907
2.4668134431379554
2.1687833363592635
3.1088736486467585
4.146424319754948
1.6312260684668132
2.9712934026209554
2.7484748315762646
7.606439179204016
3.144989382969176
4.0307423610785555
7.753731737091853
2.3446110130536892
3.16449934964842
6.678725460699718
4.911684110962443
4.000684858119121
4.819018386653772
3.8184651741608264
3.06234519397296
4.40662964277442
5.212419769014035
4.97517334078392
9.51736424968277
2.79473142306384
3.0259003870234307
5.0992213648757305
5.913359053090808
4.7510723433160935
4.502292624580455
3.8760825973105266
10.255922630220557
14.648126390986793
7.760272201758803
5.478850278061718
15.187734216200933
6.713994702791844
8.423438122497709
3.4512416326695647
2.5113215615882165
2.873039750418414
5.241618455530036
3.1790916589044853
14.067384835833
8.854308582492576
4.007138513689943
2.688355490352718
7.650724810752785
2.626719541602007
4.709021117654125
11.058841481147512
3.9560015568067155
4.197020829419243
2.963217473704951
3.3444868734160402
3.2360073651223598
3.905459735612108
2.925170276236796
2.8979366680183554
2.7619519436757756
2.237028844478812
7.984813425662534
9.909223217802232
5.317556826779727
14.041596637991493
2.780772478657698
9.256723152219427
2.6400018325044483
4.433359800966395
10.450211571196508
3.2188809286812607
7.5509041568619075
17.429601968909388
9.120050457711352
5.709745406614138
7.248602852088773
7.542399278815565
18.269514137081302
8.147257890107081
3.140033892306214
2.760629926839382
7.262008860900513
6.980908965857402
4.760258057964719
6.2320456993711595
11.711493952992686
20.419969165854305
6.1149962843531105
2.991869805695924
8.7307580361212
3.872144580697481
2.7463087229034304
6.804316597907715
2.2714115691561743
14.559120912913054
5.534398205475266
4.8025436822720176
3.8366095336106922
16.393677553421842
5.165119899438617
4.656611881602009
6.049862282482433
8.965208749048637
23.45137800481976
4.706958090490335
11.592447597762895
4.436288871452185
5.055942659587055
5.452785590161346
2.2632038700959036
2.568562069338885
9.990292057499683
1.8808407933406674
10.798932052574475
8.509371347174424
8.00400033024885
5.741060146371322
6.836058378887953
3.5817981370078327
8.258759225275657
6.096005355799722
7.493836548325331
4.430945619812824
1.9796561684553509
7.179813061381529
11.584367536540734
3.4571998747186434
7.548926256862292
2.6208896416434273
2.9776176036653954
3.439544050803449
2.5882011244273104
21.529583470998258
3.4835900269542655
11.710444076541725
3.884924936900349
3.685857270159326
5.609675206893545
4.220004973129795
14.86095956351129
3.2885361099493635
25.360242799362382
11.57779106600839
4.459600404672999
4.66151155762924
7.187139982975187
6.172743742981925
8.353238311820943
21.871938777299267
3.0394407217222734
7.699089351836208
6.557258574915073
4.19287251607498
1.8770553626865216
9.588233390005124
6.230228395910805
4.458341277945837
2.810880516200037
9.943865621105967
8.223882234802861
10.10430716618885
9.44024606167153
10.288967949539629
8.934392292908116
8.778717783880634
11.23948034240963
7.180285744768911
8.549116262083583
10.121300655748549
3.9909509804834777
8.820539598447281
10.444914185876245
3.7618420858754487
15.006118015310717
5.459340994131382
4.270339106844727
8.137465090979601
24.584669876226
2.1484261882786626
12.976686390066366
7.233990753964112
5.872198170318323
8.329271841633847
5.093468152431206
10.465748126612471
3.82845206440274
2.2734292013615205
10.31305477150582
7.2387487827307835
20.748041091445824
14.416093238248838
9.048234401123171
3.0571332563510962
9.010445136676797
11.631370847853479
4.14304634023513
9.585077177652318
3.542478420022231
8.339088369785
2.3641242138764915
4.102003845861043
3.2416844284501765
5.265000598436998
8.50976047979287
8.362103312191254
14.750932396886965
5.247547765802639
3.507395691450027
30.796559825745206
11.962767500613811
7.548943382832745
42.04700474766805
15.740381332929793
11.65529060634248
7.849703407238691
6.615277477556647
7.748602035764143
26.95895216753284
39.98764556033025
39.51675642625609
41.81204141744604
42.214949533145216
42.98618832439738
42.150663748992685
42.32541794750478
41.04982754356167
32.94406014932599
30.13712316130203
35.85380619705603
42.56428397388494
42.54159516508509
35.472512169866235
43.09169285469207
44.21856609950248
83.05270703607184
35.5340431127995
82.74292403998922
83.28292421926818
83.3827166203692
83.1043512458769
82.69662562400617
82.51544368559773
82.70726811594878
82.61173065386427
82.92399836094094
82.93846460997894
82.69456399439854
41.74054192647258
82.72142150527583
65.62028251340729
