0.0
0.0
9.389537846396077
7.005120169824416
2.1354657723574477
7.593886523792741
9.39230079852973
7.882927833381173
3.795549326674639
2.796852649583471
3.3331109302437842
2.507117388266805
6.56254219219836
3.1569538226233473
6.864543682969285
6.241726782155719
3.3477198298566164
5.39382345831317
2.2905765890249
7.083346622995616
4.909064461535225
4.408918353704592
18.600885116164438
2.6045248951516022
6.060600037163825
4.555566220949527
3.2134473896415203
2.2929704775537414
15.93246832519389
16.759967435976634
4.141627194781001
16.991491737234877
10.584498339408036
4.684721240811705
24.040964115557717
10.891255861304305
6.494582776213312
14.609774040748967
20.82999295346577
35.28525257785944
9.106644425725882
34.550311963817606
23.71840810599404
5.516183223848471
5.998390118544777
30.63811193058202
33.67505032607997
37.61502202370355
19.789361132203993
25.42838415852444
33.086355760356035
36.69446767639732
35.42900515798512
40.15621794928729
44.75662093652754
41.92995455165204
44.78563888133739
42.82069514326779
43.719612479703564
45.81918936806098
42.427056922903326
44.427146732328225
35.42730629486036
82.18027032829153
41.45622683344814
41.65039058147005
80.52509701920839
30.14993092783594
82.8997876286362
83.17614741196829
82.99128675143703
82.91513227971723
82.23272207510024
82.23668114544765
40.76892301361912
82.2669998230158
82.56627029071403
82.7269490454386
43.82304770768379
43.30540973488533
82.74528253856508
82.46561474350122
46.499808913519
82.59231997441924
82.98547192779225
