0.0
0.0
3.1099995250566077
13.194895237671096
3.0661051816567264
5.946851888694859
6.381020700589176
8.90025846557947
8.32938775995656
10.849970188720524
5.654114062046587
2.5494099247099986
6.557863176999397
5.684049931892713
2.38868021088205
3.0998539947410433
5.783006727765401
13.286760770577262
1.720900375920229
13.217949514489991
2.171640961300563
4.674125168200397
6.780126949284372
2.800529915678373
2.230208919850294
8.53662875312477
6.016763459018904
7.6159270386761095
7.213473110134766
4.778047176869305
2.1452797472397203
4.045986590465263
4.409484558064096
5.264530919231803
3.470254899742028
9.699094447837215
7.972397286280259
3.0270968290933
9.010425396419688
3.5203955974034846
3.869702763572912
4.015849704185563
12.069393011777512
7.562706841087531
6.621843393190693
2.4410200215681557
21.24443395145196
9.414604169838231
19.090775129953972
5.6252143483560895
7.158055298922045
2.478517616961528
8.417432385202547
15.133447448365468
19.54742420655847
9.31103036937368
7.256455324203607
8.707733119563958
2.124387237305207
9.233865561140624
17.19735976503982
37.0893906165216
5.879394495609685
35.718488279962095
5.994672788842166
6.264469654969681
31.73776784696814
38.99619412560352
42.46140481084698
42.81521422204949
43.3619309077951
43.06306884550045
38.94625567893444
42.8826277485382
38.827951685685136
43.477399357757754
42.81847534670433
42.65753624594683
42.56735279056884
42.700041852920165
42.87302191990211
43.0740596139514
41.23804976717534
43.481048090749084
43.5468473652948
43.2034204924189
42.85584266434882
42.66945204315889
42.67696882590863
82.07054430419039
44.89475136339134
40.64187381532036
43.201192376449406
82.59576389711275
39.818281402117016
41.3799820327408
40.71782861002677
39.05276057247824
39.57332846771485
43.009101191925694
43.00264386843795
41.712761984334335
42.832927613958695
43.099395216851335
42.792916366021025
42.973819443915964
43.254412273884654
45.707440893749435
48.307227737748946
43.28122057217432
47.74411948779378
21.373767666424275
43.206927832892895
75.64809577252424
75.70533674145008
82.13349380997583
82.28184775641364
82.09436427543334
82.64293722907367
82.88683564743403
82.83670965380104
82.56754776813834
82.60412443083109
82.6151183285358
82.62934870600041
43.67170469261632
75.81504007007567
82.76169614381953
75.94465854660801
82.22750319730588
82.3792787741678
82.26232269666646
82.6842668978259
82.70168129684151
82.26189885578661
82.59978701483435
82.03494568500174
82.67643791201084
82.02736362806044
82.70832342290701
79.67192525182851
82.63345039892026
82.62395501540405
82.23916407030441
