0.0
0.0
9.25865540108025
3.8342064399146705
3.471270883255781
27.698218422790823
9.714161858584825
2.4794484797200806
14.652925938956416
5.357635776706781
6.374573083294547
9.504443026442429
6.426219390966268
3.647070161925661
4.5738387687658
13.290939580058875
7.607994354585811
9.304826146293685
5.32966950755547
8.055810079974005
2.387767074049084
13.88255833586787
11.175182665321984
6.262123950903579
8.665567525688811
2.201447956401188
6.611965983343066
14.687507527171412
3.2060315324141477
14.213814460229747
4.57955235853215
8.755104572093781
8.27842102145361
11.483171596218849
12.884791248508924
15.057349193935567
13.227671223007583
3.5435231868157384
27.816328277062713
27.680723141536983
8.478914775827988
7.671179597298936
10.81860249215385
10.587732873904152
19.065055338598366
14.527619885125613
36.719137029723804
39.222132016795484
37.019938053698425
30.64658318839823
42.02526621902533
41.84441413882156
39.22020676247799
33.93325886037145
44.060193447632834
37.70066296185835
37.87145696891433
41.82453225683
41.41652982025131
82.85287831853111
43.70643306442416
83.35949422912266
83.41788895228589
83.46965176436404
83.18637398957001
43.358313343676464
82.95982274234484
82.80311386029325
82.68719707810709
43.69863947707141
43.398772355241995
43.58043018039622
82.95377043052095
82.79840889155261
83.20872591759743
82.94798123397857
83.1651333631358
83.02536464752528
83.0574802174163
82.97318864065743
83.03145008191466
82.93735970055943
83.25599562787492
82.68596568423666
82.53800116768122
83.10908122055933
82.85274552639572
83.2551086500765
82.70783963293704
83.29124780475996
83.0151773117544
83.07039904825531
82.7765346255467
82.87266674119124
83.4414189671542
82.70152174941025
47.14657741149607
82.7378728915238
82.29374567112087
82.88616009505827
82.42224508517013
