0.0
0.0
5.260678853864453
4.021895096235308
5.902731689524802
4.904574132513841
2.2953936775156385
2.572643487100684
5.314499684205052
4.5801035316843155
2.29455488225385
15.996040337065436
3.1896364453694375
8.11330445341855
18.697827084304514
4.342447805173154
2.6314761155045225
13.803773249831892
7.812573167686674
3.0990624286236437
10.75195158155876
9.181840992674449
2.888285790344944
3.708065478095405
8.566261269348393
4.043830128015584
10.400827508439003
4.038158070480364
7.061252482012393
8.522029798926681
10.997616348944547
2.2455945210216637
3.425143574804222
9.8329523257618
4.82328958975338
2.7116685429541327
7.867724068046914
6.382202173043947
15.45071365825442
12.672229813114935
21.20164240162385
12.080079590589628
36.81416717243168
3.0989387994478212
6.907493259469505
27.09188162595951
32.28245701342676
35.5008592679446
39.75366116494708
33.738128210678816
40.46611003943179
36.60561677764137
42.501028138402624
44.9970666952772
42.53849464622643
82.97061393442185
43.46393859839697
42.81897878198731
43.11148612729029
43.12961170018732
82.92915776996398
81.83483688529512
82.93839735678864
82.74285869801835
