0.0
0.0
2.0475121637635083
2.4332287900115146
5.262049725294372
11.627176947000084
7.264225039962535
5.432696510201037
3.408197923120217
4.494725617397378
3.913929135099987
15.216169289938644
6.099138448088022
3.6688275039087284
3.414023567082886
8.675658595417264
4.57147718491305
4.061276906179297
4.338989610039453
7.608941749938878
3.6685108215218696
4.342853146811324
5.570361372146027
3.9865065012752785
8.956324125505924
10.669893352399082
2.6922499919234535
4.150477524867944
13.254439866241292
9.43948056949995
5.46106923108176
8.92724019559275
2.2331666404042783
16.191767967325877
5.672774316536704
4.29890151642597
32.53643826979789
7.952978007226928
25.81803704134659
4.656318557490053
14.860018332515951
17.95866735042847
24.648389752768587
10.281849096928177
34.197365207131476
12.41513369061888
37.65827379408452
38.52265671775708
38.2540751748246
39.57578175811549
40.52909926242423
46.9954000292624
81.62594549420659
41.88829094798909
43.299068987810784
43.75150693480627
43.10113905694486
43.863127483769254
83.01874204875134
83.27988070349623
82.68558264656963
43.08061764267541
42.898745460076
8.819315265714538
77.95725354777625
83.0254308738691
82.90562452753421
83.12587113195592
83.00778241689659
82.83190739017242
32.2051918977595
83.09991097100391
83.02649760361429
83.00689547071252
82.98242591225107
82.95976966411432
82.91594853011698
82.8846040169031
82.98675535508241
82.79233705085615
82.83418428526801
82.8222568270061
82.79731518735217
82.73177490042782
82.51084151372358
46.68765670190479
82.74900228222035
82.7067026759844
