0.0
0.0
11.764736746139352
8.280494738615962
2.632034637097768
2.566549931822955
12.700296557223943
3.7563528813081044
3.831258091053998
5.716317026772473
7.186789592988034
5.366486828496728
9.401797723078543
2.8773798039866274
3.269765113387596
8.330558148429978
5.591933642839554
2.2876801705730947
8.802317306916315
4.557351823942001
3.6237249526785686
4.492435760972731
4.301955674419726
3.125180688113683
6.875756784950638
3.74293654855329
4.528806341017011
2.9702701599945263
7.468088925651504
4.559567589708856
5.282298450270313
5.2348300900520774
11.809915610100665
7.490444641248009
5.7456459631143
3.178443098076471
5.778316607478576
9.603429274720762
2.6029865976957898
6.786691986399171
4.538701781306572
6.925549726955688
2.507399876591617
6.069974138244573
8.159174362876993
7.274185295551237
7.297512774824743
10.640786284643813
5.6371035586215035
9.328265422092345
7.151467792879465
13.024786708406646
10.044115432402505
12.956281883530846
32.17176298665002
22.397887353707294
12.41824483696947
27.579137540433493
17.4032175583734
9.249974076323234
29.92727313876684
13.712660535262767
33.963367240319606
36.442525906257984
25.713480965408806
38.110983835182836
36.03450439319334
37.33277328413487
36.83333185069444
33.05485153702076
40.752494508574586
37.53724840612555
38.227564785707415
41.031175729772976
41.790964101025246
43.070681696210094
43.41983476913008
41.554349921587175
42.88234673438673
43.20719235559235
42.95723173745157
43.9021248010423
43.62407123210932
43.844860700911546
45.87283440743467
43.9200175001686
43.85044916379272
44.23321174229404
44.18074645061656
41.87455372500905
44.4453616297201
82.42624937225801
83.08050215035006
83.02807143350526
43.35989235587404
43.31688328991558
43.45490394871622
81.9678183811075
43.180301853446366
43.46400599795444
82.84593610640417
82.87057774314313
44.6915948270204
82.70161116114342
82.76618001367576
82.36085586514214
82.87037423107037
82.67487188851868
82.55315514779046
82.68237587093924
36.24492813504567
