0.0
0.0
3.7143374924653703
8.715413525903891
3.4544421503292035
2.8727204488013762
7.645841413745842
3.249427656029439
4.098147821801533
3.205197991390064
7.245476087746633
3.031519059062552
2.4397993782469563
5.811698034751488
2.4685245677978847
2.5581521374202127
5.736533151173256
2.4392235588628877
2.8642566359257913
12.793157293587917
5.456124143292891
4.549248161538194
3.5229952909332574
6.162047374803035
2.571029729740694
9.007566608087547
2.364779333298874
14.337924483509267
10.520214707021141
4.613518162452735
8.295910610092132
8.272580796737284
20.724351706395886
36.187341576263584
6.278790954456049
41.07875909741533
26.761598452848524
19.00371118764504
28.55092073329481
25.526738360285997
33.85634869642189
29.143987420926447
33.76695727717148
39.5100725804725
32.326237507821716
37.1082832280945
39.515050543293846
35.8137154774212
40.46618967257279
43.672538325929125
83.02558808592633
42.351354188056156
83.15658255368525
82.94701293092798
82.78602647533161
82.98107448468465
82.91067757900278
82.55779120048209
65.45224293489645
82.75089660154293
82.77636898879618
82.52332158605583
82.6665876377764
82.89192830468862
83.02265185974707
82.71769983586054
82.60812668338478
82.66220493524996
82.77616083076039
82.86753707010584
83.01176267567496
82.59650161920575
82.87665791531808
82.92101240267573
47.8910546221675
82.98330583422845
82.90488616665637
82.86325457558134
82.92234941177168
82.97695564133612
83.09031003543015
83.08111056020269
82.99226842362027
82.87558551459541
83.02654373060417
