0.0
0.0
4.862552883950003
12.211425287216734
8.48511828639091
12.16757792032192
5.8684098241726685
3.1781869324331384
5.266489822997714
2.704037170639765
5.413308958327421
3.525282992461839
5.065648647474635
3.8015057745923637
7.854580530150772
7.697961720105993
4.463398126857777
11.192135919711815
2.6548266959176336
7.905217246725988
3.833162036305634
3.891086150513036
4.671728168254793
8.6687464146308
9.316176282485875
6.0756624630266725
9.25421916423547
3.3445288126914248
8.732718572234925
8.235720280062504
18.80731454762145
16.93770421283689
9.420546584625221
9.905566747411227
14.74624640574897
3.6247383161647355
6.927829860176651
28.19906850004217
10.888145291873947
22.868661014349563
14.480342883752966
30.978162896188067
19.075816116387685
42.397000781472414
40.81668249167246
35.958639564813886
42.42182934894815
40.35478772998348
36.26868482005844
37.62571841972413
83.27111577478523
38.21812651738974
40.9832294028062
35.39587267453222
35.718306369258485
42.82775097893844
42.48120129158401
82.00683475898984
82.94131549860562
41.94227293723974
42.988777594595504
82.34242995582468
42.53345016460304
82.72437656983611
82.94525826697864
83.00971497656404
43.77252273657195
44.03751153013013
43.86562071469425
82.76896166131024
82.96489325425392
82.98875406350304
82.81935891933654
82.97643399400191
82.90099591096909
82.9658137029618
82.98162761779963
43.40710662722574
82.79640053073538
61.34674267666776
82.72141530888865
82.91903853408279
83.01093489739046
83.19610832993439
82.84113436709947
82.80257984379266
48.30034870138206
83.05087309663273
82.94501602728036
83.0151348211487
83.0502924997622
43.97627919155465
67.9553229331104
82.67005435296167
82.10336816564303
80.45847178500811
82.52174249798492
82.56627736776412
42.907441670291426
48.18137531793594
82.52424690595898
82.54716767204087
76.20635023601413
82.74090414548223
82.76760639721881
81.62219779247651
82.74901375372946
