0.0
0.0
3.767507315082026
7.9043585491941935
3.496922585897003
8.838246956634705
4.6539809717451055
3.242614263785421
2.1349068129131785
3.8625452335083317
2.72929254346787
10.451393949196362
4.43429538640294
2.4674669347800173
5.4851526285693595
11.709739635020274
6.098663019633076
6.0159633252515805
8.204849676182416
3.606120040849878
6.7522893418847385
2.7971130442277805
5.955011360916118
6.153033044755527
3.1702184808264526
2.2027654291018752
3.0605194041014765
9.471080276755128
11.80824776316885
3.805114209659242
4.037068063688133
2.5648741384313647
11.655064584990384
3.5809235414444514
10.812638782834913
4.718918361722172
4.394648272034487
9.84040762583945
6.263574054152886
17.016418546347563
3.561092536379537
10.555720902801637
3.9167549567085693
8.037597772833735
28.422197089188977
11.67904242611749
17.075892216703615
11.649782822595801
9.042008398645194
26.534755148576746
9.976058520217356
2.9380060106189565
39.76727330882859
34.25113362431041
12.59120225547415
1.786707118093633
16.752651960622988
14.463369533034154
37.73930106483053
17.399066909444965
11.768368949178397
13.593841040585646
2.168488529543842
36.63245389739332
2.037948424474357
1.8802330004881582
2.141557818521375
42.82645490416805
7.256048560267517
2.1331913169612067
1.9682290529356141
2.304201190934603
40.45991052503966
40.19637767584337
42.13830081082139
39.554553742761016
39.92106125969904
1.9162287604959132
40.30088872716041
12.635590245663472
45.76789915650448
40.362010311266054
41.698293355508255
39.36308029743029
10.100619031744262
38.07722029029138
41.2934200803542
37.039816030573
36.795514038973835
41.86255071760357
49.86435628655341
1.2608356413978208
40.60912807071457
83.05064926377092
4.980778554516626
40.82420699105142
39.78826180429485
21.44911776909845
36.943842208087986
36.04982735972991
41.63144037690027
67.19163068788363
43.69821332612535
40.56127318564609
41.42492990464265
25.059214109773343
41.98463543410166
41.35684455952611
47.7219059502376
82.84735610060733
34.69025046680049
82.60198341632307
36.618701531108506
41.27651687118327
47.90469594676418
1.4434669428035658
40.5342381215744
81.51206531010284
1.5990449103479412
47.76385350689909
41.92364320506836
43.59109282640596
67.20833421664393
1.9382112217339256
1.5762960806166122
55.15342227383309
67.02842755792268
1.427415713061488
1.3439270953878237
1.5085976622790784
20.370104940497352
42.06339688856309
83.2040705954762
3.400460559191977
40.834224129670204
40.71744610820345
43.3838174688248
1.3240503870728015
1.4177632240374816
82.90228278007676
72.71113317671153
41.118611223050294
60.87218669987908
1.437989966626125
68.83526651360116
82.95694449565067
83.20277643948138
1.529333441155067
45.47847207452336
