0.0
0.0
3.3001639743122477
5.152984644529336
5.292117029338135
7.284828356240455
8.437845525586647
10.666855320384867
3.202377061322202
5.234116884010451
2.7119164729524345
8.896999545918844
6.662165514827797
4.097204811428264
6.841377638556492
3.597939336955394
3.344057153974173
2.5771331363292944
2.134514685898245
15.70429025564224
7.2180418509407
4.036324798980429
15.55446340416115
4.643280160017045
6.411941536809966
8.648097193569278
2.076862760734726
25.123084887575157
35.93855536029883
29.905074855588868
23.164750557373292
34.436871995929
35.045112743746586
20.476760006318578
13.617671013100825
32.57799893511375
15.216819875237714
20.998938526253525
39.12100386098233
40.56006805165881
35.133185734252194
22.39750197796824
39.201662877835204
41.500544383072324
42.328002615829114
42.63431057512576
42.713047789463
43.45827115602195
42.520763923499466
42.769722847872046
42.52605238653446
43.78757059677645
43.20769918680382
43.69857254949838
43.06215122725442
43.920887785306704
56.14404235661857
41.80618685509267
41.7506289798567
82.571401306904
82.62739187312098
82.74077849206397
82.6476813034685
82.99547200934735
43.21713331476133
82.74156770336586
82.52285057441519
82.74275487105818
82.70547208372035
82.58312145918221
82.68145719927527
82.65164910296747
80.57359386724308
82.88742841091143
82.45144606276645
82.3565300040407
82.535069133705
82.77028888968249
82.73924025522035
82.53967646780153
82.63582480182993
82.47430491210676
64.59145870914044
82.45793644011188
48.6310072384789
82.83516038442686
38.186284544686025
82.83987007940918
82.59683194651718
82.44825054557724
82.57939742491892
82.7551785485102
