0.0
0.0
8.65048594958359
4.77613368812709
4.862448850669587
6.831480224612545
4.523050754525874
3.654173831765516
2.626171019017255
2.184528122620129
2.695027294868562
6.102867640154461
6.240080107052076
2.6376247636780366
30.744081318348602
2.4105671890885705
3.5099975107206256
3.170491649085241
5.901096315959421
5.105592186772513
5.912095646839595
2.8196141876155094
3.653331545894829
7.461816777261019
3.2682212709268645
37.955339879030056
10.883587396007604
37.335987603695266
6.506601898785827
14.936962917035824
10.235182825108483
19.26820499740433
30.422391940676775
9.07595404627374
7.889564774076541
35.673584636067304
17.50079814267298
36.96939934346614
36.60281166041101
35.2020859143494
37.48602161852368
40.295824677319224
40.295543375616106
33.173205276243145
23.983493337317324
43.620180850789815
29.79278607848989
37.943254595461326
23.605075275825328
8.707532783070038
28.515233244041987
43.98506625359388
31.013289293111203
43.62139540821324
43.50438143885686
43.48581805505563
76.52154504674897
41.71372538851278
34.10981125928275
32.00638521754248
32.66775993024566
34.9299009130112
44.94367244706965
1.530711188343974
41.25489333552563
41.23329587137469
82.28540265388911
43.6281648938122
38.47844974485467
82.50709984418604
76.3956061250954
43.42241755745873
43.15490806492878
75.840391539898
3.7034131464533733
41.332590796897705
67.25962997784272
67.87109842690822
82.49744158555251
81.45781892695551
47.74065815527251
82.57085584319056
43.545281130080724
82.64568236904177
82.53703668190195
1.8806033261860202
20.948379607715175
21.696512281747097
67.32833149277177
82.32506508799571
46.54964923645409
82.01050004776005
78.52282585072263
82.40345458487798
40.12830140578508
82.84281067097812
73.97733991473001
48.08013631229594
1.4400816172705153
1.702963660476241
43.34687294696675
43.062379009377814
82.68580341607765
43.37266143793453
43.09631137284422
43.29538741919518
82.69369067570493
1.3435845842415608
1.615986855906582
82.40716171870983
82.70630373326502
82.58107782028658
43.36984524486949
82.83668053148526
43.08326181519959
