0.0
0.0
3.377227748283981
6.429739326434939
15.620271109809554
5.3470462558647265
3.059932061524597
2.6754750025689913
3.5492254968904655
3.310449551949089
2.9153213316205178
2.919619145057437
4.539796124240555
3.900708799658833
6.702514787804462
4.710421684927958
6.705467206614773
3.6936948802655865
5.764998187011623
7.905346433748888
9.099494005921477
11.91704749413188
10.320886727196351
6.642949958551275
4.6368410878774275
2.9536574084462233
7.84797220301595
2.528037488658166
3.619966568725907
3.8995113151436387
5.553531222325419
5.54850447656311
5.4601021871537085
5.811268905364032
3.8051206292026207
6.495178790470283
5.026858029881559
2.6428460255484274
3.4881343384172645
4.3836502541932925
3.242911481185939
4.440710963526051
6.543574607025487
3.4282265742264886
4.877995505604854
8.607024481387267
4.151532407785512
11.924741406286373
3.2959817479932343
7.319671693805106
7.271844234193354
11.039798624564403
4.912705617007123
10.566237796370425
5.87797395423378
2.3124556096364994
15.423842062694764
6.560661084826217
7.382800686291737
6.637184080161754
6.1499756850709
8.850478661517368
3.719102749540771
15.162325713741868
5.710186856368605
9.305842560895341
2.801212660376415
11.563108664036228
5.355082792829165
7.185366932182389
4.997942988493787
3.086219577627374
14.241047938187606
3.235472269823004
5.6957391887012925
5.1748988825317985
3.0943414443285224
4.705729412085675
3.7530580242909077
2.428038588776538
4.590812364783392
3.532163586182551
9.446973889486662
6.554573456548184
8.076667394086723
3.773090946317051
2.74178028048715
3.4606119312779655
5.730432431449633
18.574047748538856
6.451544782455947
4.30867581241102
3.146876765441293
13.124543311740664
2.6447855460353655
2.280591604089268
8.962131220889312
6.290565532141484
6.83360144003828
4.98429094689971
8.2380870197802
7.52229316339324
5.392560677897504
10.206287499186493
9.95079587552448
7.625632321901669
8.533878114659446
6.147424448694031
8.054564370730482
3.2003796111004488
15.83910597840941
30.709391600331134
5.161522496614754
7.4561695595504425
3.5873377769286248
3.778446973492923
2.1322492843040326
3.372172914993459
2.4011992869158996
4.313070908832706
12.212712050459842
4.5180560298713885
3.087341640319324
5.245504209653355
2.6245097379734785
3.798164051395096
3.8364215824384744
5.768005008913798
4.769957788574226
2.5551597598842033
3.239698458976008
4.986115705362274
6.374503685289756
4.963119834096318
5.944130253367123
5.5151659273478515
11.721272639527132
6.990620960722412
10.0394859345591
3.395196107367123
4.208365895079044
2.3443701307211127
5.854725957555904
2.787727749600083
4.976956577692517
10.317785214935713
3.4148044164713016
9.187616357842794
5.347690738664448
4.236500276180789
4.401414954523096
7.344228482796803
2.93317392587718
9.050887632597947
12.868824244404104
5.468164535872393
8.203229663897213
8.818643256581835
6.189794606900646
16.104700039015672
8.011132381026234
2.8405271948332556
14.165391685823588
4.121628756926049
14.928939159389625
8.320066085549419
3.1234600969385875
5.030102903776338
4.789639707882705
2.7672497796550286
4.187491717358718
7.8779603259477335
9.020336055330223
11.206914478913786
8.36843062871123
7.578336891677259
7.930032330297468
6.926129778015069
2.3774452689958805
6.697853882963184
5.2835856875722875
5.031425433481131
4.669152685160148
6.833023092522156
5.456891220969197
8.494318453969054
2.957103762007161
6.583537603868849
6.274183661257688
8.800549472495753
2.2718500318917494
8.039011056915829
18.030796503960627
11.607401309719492
8.462407567277433
2.8743664841726067
3.506187482508807
11.544603611765965
2.7883529040635477
4.211720318382896
3.8873156169495946
8.809871408464534
3.4372463961337765
5.2786250856701855
3.4367108161045374
3.8834309141382493
14.555312469320661
2.465140441934992
8.407861866923744
4.444068037434881
3.6974728114011683
5.016540237582762
3.6555102676967066
14.42745424745141
13.984902438472336
13.425971397515314
11.880210213622638
3.2066205291811842
15.067292148867153
11.679047253143269
4.165742317644721
5.840365326232922
3.6360917397404235
14.432378003696812
8.445968334018204
3.6875150135006063
3.605016798440665
11.00090027835548
5.943604298470821
8.441900111265122
8.74694259867549
3.3960601765784073
5.053576756709381
12.010365000180666
2.7055968144015243
2.857904911059428
4.549849380776494
18.880472528097204
8.967522929262802
3.9298586438821297
2.816747772574211
3.4125147124119426
10.109083488680398
4.424622734949511
3.602678049258684
11.562346952572602
6.389976416058517
3.151494058294019
2.1998753262677386
10.801722997654444
7.2478714131575845
10.917385668061772
3.145392284402494
4.346390542466515
7.139058647431475
19.57176240278722
10.670377306197743
7.877719746092435
35.598542929820766
6.5635919683468495
4.958904065702277
6.847940756415561
17.120309115783122
29.457056922874816
15.75285136174484
12.481660485789856
6.821245554178061
8.884781198947437
1.963360181646557
8.047967806396526
3.892323499074196
2.8393803470395653
13.663463544277674
11.007626360886151
10.375282151897892
12.332734498007067
9.06382034740257
9.334753322584474
16.683667983443513
2.304705983500466
11.48740993093338
5.660388383714583
4.89898025661682
7.238928777047102
5.008653754419698
11.20889499367967
17.290173329813317
6.228773850832676
2.2024667969220673
4.946532467789235
4.816479448206246
3.5183130260306856
2.802912697112084
2.3355281696445
8.954097939849854
10.153702463904219
11.223989082144278
12.369867863751683
13.522185238107513
15.533378163826583
15.756359996390428
5.520328242660424
15.542564121183915
24.196502193385765
11.550340856160455
3.7241308545444864
3.593851911640291
13.30534425606141
14.005915573178843
26.345075275241918
16.40661099503836
11.418697317245952
13.024537063342196
5.273533068007518
12.810855664588138
5.72931542239267
8.206059822985639
6.876158938795094
18.324765386024367
10.809525126189763
6.273784643007941
19.232578510765936
5.550913705230996
19.33853444347787
6.344090831596929
4.805983614978386
2.9824926993866643
23.98038029842609
23.569677015444036
2.497376221726207
6.973594502969961
17.968665177245253
1.8408647920540546
11.997491759914602
6.391343381190171
12.164185966325661
5.5440497736960195
21.28353322015108
4.422278991830024
6.165591997008134
29.311915446209312
1.8551901073798474
4.708112286268799
6.834408259267433
18.93849612230251
5.342664056247142
6.791764207920855
38.94227881233984
2.1586765806017056
9.361232275803811
9.431065986118082
8.16100538826861
18.649000525065745
19.028607245623576
8.633767609061739
34.942514277816414
1.5958788771905839
22.005985555590183
34.55379023642545
1.6744681788563136
1.482185751384909
2.2576166096710075
39.9341743063139
8.83963718628922
1.8583331599957085
2.015077572145823
2.0184880529338574
52.07174568196194
1.3362475612681417
1.4682836312250376
1.7772348001014195
8.841224053630418
10.831860867183206
47.58784713149812
1.424719246275344
1.421778399663519
2.1054688147276073
40.68334899480662
1.678818945286035
2.1731663060785067
42.94630179997481
1.3313500636161482
1.7475399799567874
1.7394806618233152
1.6557111818503305
1.4994956521730518
6.312566256306629
2.638893262970131
2.367166115271789
12.215502775459615
6.606277224168014
4.907760590998211
2.890972677872404
25.28353100630402
2.1645440629247212
11.559265038215822
18.24017183273454
1.4292598534636856
1.607261221772279
1.6971379140275284
41.8290903030741
1.4240927423148397
1.5142916323398543
2.741912040009101
4.625490044798173
42.75228525758368
1.8358680219434613
1.4196757533392395
2.0007948591478737
2.03778760519807
4.507648291973694
15.99934288093422
1.50402218248314
1.5989395672082714
2.5788103095122117
2.021724499510487
2.909314256987895
2.813030705351521
1.9512273430738833
4.1201949600863905
2.268335088850511
3.6254391965990043
4.946696737627737
2.7199525642503994
1.6962125604196454
2.1038125039781708
1.84303993058912
42.67400343253179
1.3441595465703313
1.428280054314453
1.8746808974530624
2.2080440178707126
1.432724553753552
2.131833469274569
2.389578163948622
20.946627178474934
1.4363991822102327
1.4307542009685854
2.5632872229911174
2.4073428789429645
2.389552932218389
47.16011047886242
1.3424921079582126
1.4401858721219107
1.5180535800187427
1.9559542277913378
3.542601268778114
5.633355252557355
47.20274804794792
1.4345561465854317
1.3476393966678961
1.6147782970596791
1.6037465489574403
1.869191619606836
47.52165030758108
1.4374871038372032
1.3488890112771494
1.5247396429440987
2.3128330848499687
47.146893048374736
1.3434942641924834
1.342871129178907
1.6973560869375495
4.650587987286005
6.062737716295618
3.098413160718551
5.754604333173934
42.607995552341364
2.1990016896472144
1.952075583101035
2.140099995849136
5.130013507729804
19.5607823063111
1.9514932982248168
11.948247275804713
2.3104631731916543
18.841532071581508
1.7817505903579918
1.4435255437013277
12.496867334747682
1.9346401177728225
2.5522236498996325
41.01718578087795
1.5242971373213872
2.056752901486151
1.8815815166855427
1.7918949277357081
4.10104060179946
20.777383919865855
5.507662216008259
27.926207534282142
21.477680680526728
17.939932306430112
40.64469658217679
32.38281439393071
4.585125740410853
39.35355336591774
21.514296478148104
28.36202599913435
11.029024027746688
16.962691548589245
23.400568306149964
23.73339513402694
4.480938753199352
39.347658484473044
39.0691652559081
