0.0
0.0
5.782216441152296
3.725911604461446
2.9960586007897003
3.3427112419250613
9.892982260432932
3.213999963859852
5.097016983271389
6.827466804813308
2.5488122287079054
8.061666122998545
7.830828690524522
9.341178381561624
6.795838103064334
2.663733506570392
2.448503472500079
4.066343956320159
3.0594919308141826
5.088609429964895
6.28384444644986
9.56562271989929
2.951903398980042
4.354320128287526
5.508219018882548
3.3750285962467106
3.9560005606596422
10.830323336039537
3.2158672024790547
3.0387545144998387
3.8167977031107077
6.026684425982095
6.119007148745608
3.4789984636237534
4.667119468642768
1.8779163035095998
3.0054601791803894
3.593396592374153
2.8681002942462235
7.920960399552142
2.92758416555099
6.822594711236132
2.764052759548799
5.450382744001312
8.567492724272626
4.751204191083401
5.009194039645801
6.206522412885701
4.42900963580874
5.187019100073224
4.783173001525038
5.232157261277076
3.231018715245073
9.276351196866473
11.176440421094183
4.0697536776949965
2.7574906000737776
3.7156478971828357
4.907389540159837
5.072262708872922
3.695050907500119
2.707681450853191
3.8749646679814758
6.676070912968254
11.520181682003225
2.44394427403114
9.244033363640034
4.422085536629828
4.573101188763362
2.5765896365828054
3.242274965767331
2.610783498750917
11.181262708840903
6.160269660885124
4.7585969754567605
10.718949336648024
6.43030704668624
5.2255204388082435
4.1847866877441735
7.607785458637131
4.81958120740021
19.250623038171565
8.25947499694752
6.85728442678981
5.752691268293035
11.909501224783867
2.6831568469324827
5.317565660893686
11.7078632671011
7.554683487785032
6.0865513318135545
11.298453985655073
7.487325828620062
3.928980099737439
2.892485314152837
3.796699430703073
4.200994477597636
11.608087328887073
3.6948396223043183
6.012008634115225
3.770219618288014
12.698691350854318
5.92983679129999
6.948024464143667
11.275696396072593
2.523280558096542
3.9002340811747542
5.824007604825732
3.619600389143814
2.0705040286338328
5.823171703149751
4.3515177206159965
3.0734227411209964
3.438968251845911
2.6249848781315652
12.054176416267376
7.012853476269931
13.665086095644035
20.984533386200308
10.865703300323657
10.030986819002324
2.2979684602709347
2.8679644865001
6.249442204838669
3.1593685723339693
3.1746152363111566
2.9949155707762287
8.888650305014425
1.900622037465301
7.319938627922956
5.519677485107
2.2470294526992123
4.404939330612839
4.7543742509596
4.156650981205659
4.215045498044567
5.480490055438928
12.19852542517852
13.051432930439598
13.39072226056758
2.700883774502971
2.387507091974654
4.417398217910325
4.599880366682053
7.667029782483328
12.49243417867966
5.286943663738769
3.398049198836875
7.558607844684115
11.345006012341313
2.590612838835426
2.9921092979356656
6.198433418869679
4.029305650690423
10.800728735072564
4.582971427029721
8.162570834084592
2.9817137172924806
9.343790418766606
4.464106989692975
2.17896610182595
5.021216628217926
5.310520615065631
19.572798508510154
5.209851143864041
6.490489998878164
3.4263383005753236
4.397376400365953
8.379561602240685
2.4590417820986317
9.102052291512951
4.552230524460584
7.62949567516437
12.845336033755519
3.5601662390303788
5.677164364632611
10.316042953360862
2.9583971460835583
4.03899904776549
6.36910456805187
3.6005439338249148
3.496867478526651
10.348167358625991
8.203886613235039
5.45073852256054
2.5694501806342207
4.397266467437608
3.424195159040813
6.536603204637982
4.359625551422295
22.13939792793367
6.411533949298212
10.542094656166876
5.832966070041151
2.563426855846374
7.095057270203599
7.845035768224118
6.293998286106689
6.174665008584688
3.6630250163961864
5.654176496289211
3.874779052072185
6.410971281300629
4.944025302197886
10.100527176821773
5.691812096618055
5.234617798245965
11.54160489617367
9.32208263006891
3.462078013536104
3.913012072623472
10.494711715335107
23.65114285864279
4.8771285416657015
3.7006501777287113
15.453664434022746
4.6133309566064575
21.932042828565606
8.604257034668857
6.629836931069903
10.732137005158044
8.845274398035972
12.690500880837156
7.334345882445978
3.8466323647489817
10.945181108102224
14.559435288621692
8.2767825273166
8.302134583869668
6.082037815839303
6.808725330088572
14.12515548539659
17.521768068754508
4.219800125947049
15.803385603007097
11.911063479742007
22.361040714201767
5.6367956456883626
3.119009980592212
3.6674767625377136
13.240454578691526
11.500504032480924
6.489472241064658
27.793970246326325
7.647395997880413
41.23033549202989
17.282144144641737
12.209559972934578
2.751066880674091
39.691801986467965
38.343957685758525
31.036075590503454
41.19196446599521
9.415376125549047
38.60046505996212
22.716779098408285
12.055390088734926
38.81833498586469
40.25669504980773
40.42566456774241
39.19958174408505
42.066491866861355
42.30962285190937
48.326743536837085
27.498915307643525
66.94806863470849
1.872713718894383
35.066977164466714
1.8653258029046462
24.01782943822592
14.922670245486657
67.1579278468113
81.46292323757989
2.5552855441112547
41.47471369780815
45.9055310606745
41.40680022477644
41.59787519118513
41.60020841831416
41.4976633066514
41.8312959796529
66.49967416794858
9.081640470606484
20.40046029277472
42.26730889657244
13.39574734796357
42.39898114118347
42.21657697779645
41.99759194156918
41.1070517850963
41.9273940939978
42.26049937911354
42.227081300931054
42.181374366464155
42.13551184778917
41.92480046190998
42.056859958871804
42.24413702365457
15.83135245415148
42.40156710679307
75.74317986995861
42.880772734429605
42.8883507716561
82.66850946754597
17.064210288970443
82.2061442300825
42.950464877151006
43.106080346025124
42.93584581686844
43.063901855595184
43.175508062068715
43.36342309822352
82.13812855170183
43.02246663841711
42.9993138750274
42.805765112571414
37.661759761266296
81.52283442426558
