0.0
0.0
3.2930921805795235
11.629023013732295
2.762706052373029
15.466746017149555
5.687454068253153
6.665622283007449
3.1201064039996984
3.68380312604237
3.4231077829351517
4.260572995035154
4.103741851540502
11.43193968828326
2.9699634913093553
2.2659655484446763
7.006903933629202
8.32834143427221
7.687682760943018
5.763368856668483
8.369046192776086
3.919325960114329
5.217549515329649
3.9163038024727017
3.600017696739001
13.021266290791333
2.9578769838143804
13.973212032334823
3.53798093414285
4.397381684639071
5.542348449710067
11.50255236582739
21.739081623157936
2.1965380139314443
22.438712276091863
2.610776104583042
3.120598176117169
5.473600264674036
2.495270315988632
6.851682263196705
3.6150406399208936
36.87845125415188
7.613128686418726
5.673814099731547
2.037376406316231
5.562598442520637
12.36658036323323
8.021805036486505
3.862664429359692
3.501111542600418
3.0730636912290095
4.867442781548601
3.766684726970716
7.5745038430445115
9.714362452637912
3.7163950180596954
8.533158197258642
3.9406127515934157
7.0781387357439325
12.25383751897508
3.7242337134930588
3.819714972138445
2.222666673102061
9.737024227263655
13.552356998128555
14.098682735611835
2.6097512212073912
5.498934592763903
7.081987865581608
2.4440521115751057
2.6240494777561456
4.908648856929081
19.50867107014751
4.3237171116369595
10.080429974761845
7.257575030615879
20.47067365125699
2.830200434555854
2.1845424440753356
9.039335805325283
10.10468439837356
6.195712096838771
5.509325494662331
9.81576204986949
5.191828370986148
2.557451625243235
2.7660028361295406
3.0028058805142517
4.000636437961586
3.641990414171071
21.046736276848126
6.765518853140277
9.200686520120462
13.58238901368535
2.858825010214055
6.048690136757177
16.824674460248875
9.99101073222258
41.8067682430488
33.93589589512684
5.6832204516345195
8.882778724517067
5.9455098035246845
15.325484241693527
9.658063003941598
10.945432668787353
3.4695759764262117
28.691998223848568
28.705494069769713
9.006468400657491
16.040740370149262
9.929025381406877
2.769878693951969
8.394811249194616
12.399131915521258
13.434812992272866
5.431728685588986
5.255959230536989
3.263528427111831
34.21900656827378
36.284314082032516
42.55217793143628
7.531491766727172
13.207950940391521
42.657433820077046
40.06431796151912
43.775489464387476
42.89774436674457
42.41245529033141
40.29952558221751
82.968804498884
82.74375301862604
65.67364671546424
42.78412207724609
83.24249790565602
83.2432591769997
83.00962774125126
79.15068643577327
82.26901231488091
41.47568889983063
74.35282232696622
82.61248168716294
82.60679557675681
82.88109392078476
41.99186297086077
82.93805045019624
83.07826319225211
82.83119184664213
42.60181093613308
82.95995874429242
82.79170742855852
82.39832464137584
82.59106666531098
82.48076994198593
82.58799566609511
82.8712762948468
82.81111546793856
82.93470709780995
82.87341437976448
82.88070151197364
83.02023568395126
82.96496911968097
82.62704540222579
83.0493786559403
82.84239220979623
82.78032907001527
82.86933496678283
83.02541232335649
82.86980839396509
82.71951906787635
82.79028020161138
82.27687797333026
83.06833039045515
82.9108107988088
83.0105789875497
