0.0
0.0
6.076804758800876
11.610486161387136
3.6523914756795097
4.132217640449574
12.740970346428346
4.377688919086687
9.144071901477172
3.04987327507238
5.049070711351358
8.093489157585553
3.0149540416961056
6.25779151105354
11.203703464878922
21.67130305186098
4.515937278773786
5.927840981178677
1.920352287147718
4.376275272967951
5.565247881811845
10.654338572939492
8.531702601165202
5.899853104805639
9.677981196286892
2.2194614697225905
4.785224663808405
6.6595747567927
8.215083974914643
11.658708023355253
3.6082969579921755
2.958736786759516
6.307627427715131
5.567184685460038
2.2376428892309446
9.898586593758129
2.791063810188924
3.5859223474681823
2.02853361423214
9.60599961062254
5.766845208399185
7.881630605767182
10.981966519380896
8.295193947996193
2.846793116163438
9.870714507462111
20.32159435219869
9.470821104269602
8.462152984133963
4.69219783440838
7.424786179453269
3.1554495068205606
20.791958122642903
3.490022791019231
7.312437500891649
5.923686590591629
6.264808734418624
5.6255341624044926
2.46999022970143
14.93189427874434
9.84581669985751
6.74702127453242
3.8083858825792927
3.6999073838232284
18.19553217682953
7.8150828102388195
3.5110084440938585
5.682141399652174
4.15588414736195
10.5253658834711
3.0926913308403217
11.614146555671958
2.611950816398435
3.211650654863008
9.61029755777585
10.488924802680772
3.4639018875276855
2.650932821277462
3.150042456585248
4.511933104426843
4.23869333556773
2.721198892607804
17.365690946076388
4.37765536655721
4.497285156367718
4.123631005699918
14.262522105725076
6.919826076970555
9.348850039098345
4.374291733128522
13.948393950615118
2.9924800895008343
8.011226801002877
2.854959990232306
5.087397489263554
17.703553506443317
7.811346567987662
10.17722893333057
33.45219504360142
22.303053114350785
2.744579702443707
11.08572343282106
12.241788639990727
26.102535640091492
13.269748184523703
36.80684142851751
19.48905489324546
21.956955428737537
8.670594770547686
14.843257945795475
5.148210045486075
4.372527810576147
3.481367896749853
12.470624489791243
36.06920072987038
12.133088059619963
6.271197813510736
25.657446053951137
39.4605257729285
31.465240800439425
45.19999337562811
34.287375413951644
36.38245174962725
40.346941602360346
41.13311391639455
83.07340361314947
83.19521910108789
43.206867584312384
42.68962725512797
42.27020716967344
82.76294353890414
83.17156431614536
82.76535981822393
82.61111381912603
82.73264618774445
82.38616401735376
41.5914655828566
83.22092841526917
82.87456987797088
82.75541036418446
82.29239946007586
42.833969984234514
81.863780459154
45.39272093344411
45.893977885060565
82.786057246823
44.887190648817125
63.08775988285882
73.5602522132724
65.96518077803857
67.22750157853041
47.917680495535706
48.408568680412245
69.05873067156143
23.941069764952616
82.53041548149919
82.58134661289287
82.66074999278841
82.6751624685513
82.60272570127104
82.60119052993318
82.54592689888854
82.78682119780886
82.95159455414205
79.6465399554195
82.80297829504842
82.7311216447652
82.89233457459136
29.463967540652046
82.74388955172869
81.91870405808783
82.93270518984379
82.79972647165799
