0.0
0.0
5.149436664795462
11.643885210929923
3.6043733708319237
17.04303342018969
4.931309364620017
4.678812098577535
3.2069304596382113
10.09572134653002
4.183653473623435
3.329775827867492
3.013605775328477
4.149687293350335
3.315534853770121
6.315898955344509
3.5564304655646035
4.252819973843322
7.601343148994852
14.468078419614292
6.870712336896311
8.398526115179138
3.956833328829373
6.091735780668064
11.891366835018555
13.837957474700884
2.7984727944456083
19.2221457463695
19.671675021839725
9.359443905642044
10.760128515772374
4.738165793911337
29.09077243245242
40.771358658936315
32.83938544372453
35.70052816724614
12.462731953952499
43.721289804169025
43.09565549799577
42.7985020884754
36.42297320283159
38.17210545510095
42.17048057792525
43.40881897503029
42.8687017735832
82.65365143307899
38.62961275917038
45.98388173397988
40.697693986584454
41.93869918494759
83.24024342872399
83.35100013527867
82.95970553594073
82.87809163541182
82.59010309397611
82.55529386122977
82.54622428646142
82.58594333396216
81.72172740536213
82.46430624994711
81.79729467475163
41.88470198716849
82.60491089329699
81.75522366965943
82.56554615158902
69.06152357696965
68.54811744967104
74.33520993916186
41.981715123874245
82.53973222974992
82.62083133542671
82.69289088506223
82.7639904331991
82.72178312902047
83.28731239623836
82.8233632843356
82.61360135852189
81.12365628491855
81.36969004018938
81.42903900463652
81.74281932574527
35.663086802916744
82.41724272939038
80.98520872725271
81.50020246667917
80.9793460059374
81.25645526221486
82.54819014529352
82.5746251930384
80.65841407629465
80.90593127796545
76.2927359450972
81.9695081602379
82.66760738239111
82.21860231068433
82.41862039651424
