0.0
0.0
7.1566922246611755
3.567018240977544
9.392752305574167
3.7420305492733887
3.3542323676496064
4.167858228958653
7.084182944160178
4.411303078994029
3.236715066242499
7.198053424596299
6.61299804206084
2.5432643318109034
8.969773858271433
3.273622210803575
2.4406992719607414
2.448417069994809
3.1772660468572904
1.8911559673952008
1.7421169378215657
1.6920800375819975
1.9595825620446692
1.5134353970922276
1.5949528105637765
1.5020937286873135
2.106191629343443
1.5385745139814742
1.8385963160217658
1.6028719600774528
1.907010519188181
1.8846041402611264
2.164616202807222
1.466360058103816
2.6393587141276025
1.8991056383731666
2.2521312217931055
1.2381493818956582
1.8401912556134028
1.4535076506920215
2.42616587039877
3.1256760306598816
1.7671170053943586
1.6085195261023981
1.6737497862712527
2.4881101668359773
1.7520367464047883
1.3911867930830037
1.838158201484014
1.3899672664443343
3.1313483163108247
3.6100088483863604
2.7459457097859277
1.756843997765616
1.9789182067857953
1.6981094061945912
6.417040356576349
5.468513876375216
2.3657127777669023
4.816499111440836
2.6979182217685107
4.8720815320188295
3.275254313612806
4.4228955971249855
7.027725342385734
6.5999414809681225
6.115518002324013
7.458907911262317
6.8705541259686385
7.1549442146280615
3.076525473663767
3.6464731767130245
4.848506234710683
7.797095729618669
18.48012299137606
6.54185287539087
9.991432338159482
4.7358348478504375
3.2382992217088615
5.164204343507497
20.428682909347653
5.516445755721628
13.385745330373343
10.332691221305453
25.46473052550394
27.495113443839443
31.59630291522374
21.412793410965797
34.80435660704453
43.82704659082346
42.16086651540656
32.76054665792535
36.319906582888464
31.740028795585594
29.41366252447957
41.758322383768174
37.72723304282424
39.7820860707129
42.909082430557085
43.105034435858485
40.24484397993787
43.27815862413233
43.59912799760785
42.62441775852901
82.41438469022711
82.35205266016791
41.718762708142435
41.647084105553255
41.92631068352125
43.800018083222746
43.6161415780342
43.01155525026618
48.03767643679917
48.158700043018214
45.07853520923264
45.136624693743634
45.047452072449026
47.087114504127506
81.51604154102907
41.69741007563975
40.59803999314909
41.257434011138045
41.50781520930927
41.46705596333218
39.27046349190096
41.32791499532841
82.43778081005266
82.56568907443372
82.16318822692587
82.60285354920921
43.31901490062565
82.68455434022172
43.27538920162331
82.83283952291428
82.68455400614941
41.8462332317842
82.79534446385983
82.63048979001432
43.28269156418499
82.8249231441659
82.8550114135953
82.88604882566815
43.7373318893038
82.98171293964151
83.18647920689394
44.01421896795588
82.79025295010538
82.84413984479795
82.47499470306404
82.77055004666163
46.66102704479582
83.00254290453857
