0.0
0.0
5.239616639798693
2.862695550484924
3.4936006024387436
9.049993504405244
2.850512660668283
6.781939050208114
11.6151682319772
3.3350889819108933
5.568862444261712
13.474143137680521
5.0817169028857
3.341608039312321
6.584709840171733
4.688008305351405
3.032565236966437
3.637674903204173
9.020819978734957
4.94484261024987
8.102198286715193
7.743195437387656
10.078327936876454
2.200379552953243
2.4518418726214195
5.593565690276145
9.004700342931496
3.6026905864644005
11.095787205781717
7.24744717185433
21.15153191792075
4.846052305223868
33.424502227206496
37.97556743043032
13.837282534168343
36.381018784027376
9.548256837926907
34.28005484647827
36.79752470940634
40.382816482107124
41.545495695735674
30.801397777099744
40.021768617715885
40.127001643833005
35.33925512892661
41.00184007073854
44.03615258616453
41.32062897857115
43.10474674355528
43.70166323262654
44.29642521370808
43.90757657782945
42.657854185742785
44.07163868066851
54.573848753292474
41.64270267375286
81.93139338621756
41.82768320385643
81.98258613658756
41.70874954124349
41.82311496785524
82.17410638040518
41.89515493405109
36.70730750675964
82.53413994951097
82.46356790384806
82.21588017369085
82.25870196181225
82.5242052288462
43.25286033413164
41.91815194167893
82.65266784100598
41.9292063447437
82.08860982906047
82.47694476159279
82.69393836590056
41.858314474911886
82.37077089786989
82.69031596301559
82.62424435083173
82.52166913450358
82.2860859797115
82.48094286813142
82.83452782786597
45.36482767747434
82.78385564198044
82.44634672438903
82.69218002494394
82.64955745161956
83.18080427188949
83.01614854495196
82.49512291238608
82.63461160912493
82.56421937985328
82.41083950902956
82.42327264735171
82.81762300777338
82.61225190312419
82.60150331431726
82.82052582403114
82.62475995265216
