0.0
0.0
9.293940389854452
3.5968442392041964
10.557206494224959
4.300722430885398
3.014515076009509
3.4322878847646505
3.531972020481072
4.282341588338752
3.5186261333703435
11.627737978206978
2.625159535635148
11.816534963807195
4.618265922838632
3.500746514233177
2.5083283616553333
1.3968506048466698
1.5171593467334334
1.3079295816791707
1.6620446310974315
1.553142913827657
1.8072118566698594
2.0386655399522846
2.027926644361128
1.7029688150090205
3.260017710709352
2.0302540406870087
3.8222032777843964
7.3375954030490265
6.298862728396988
8.082425894681593
4.180259754001458
2.2183874303349533
3.446364264218966
4.869375867606144
2.3577792535396322
2.8004413453458192
5.087349506660892
4.816566988018367
4.9755898492936295
5.219372836370261
4.9915172968864026
1.9791850738736299
7.475953410719494
5.046996294464937
2.851448407039854
3.3941760865646122
2.4682769449111706
6.654167505104871
3.725199825589128
6.68195193612394
8.927276074835309
3.479554642182036
2.954685643635948
2.3684303809945315
9.821860020391565
9.774060871493996
2.1981681392535037
2.865071775360927
3.864807112937177
4.405324232313298
6.065064862398116
7.349221489073242
5.097474015953497
5.945915726050332
6.64281490564629
6.511348695584476
3.4639831411845394
8.25274311161413
4.853380712206978
7.103106499270109
11.683393250390326
2.570111914390024
5.207742160368227
5.474618262408324
6.131690010965282
7.450446140216347
7.719993538603424
3.091190339070543
4.1400694884898135
6.325750519618597
10.859512338020968
3.4006276148737045
3.4251997413482176
6.947967985179275
2.761058208794949
4.384934687797709
10.98611387119336
2.7659021604506315
1.9689410798362472
3.9155496664884413
9.279143282316351
3.4024520198761534
7.858829414981285
10.496613516803318
3.4144569819850696
2.4567627170557507
5.276028497254998
8.559468376584018
3.065672260304288
8.971932346429222
8.010503811169276
12.962231037982322
3.375611989808897
2.98302221218833
5.000531537298599
10.70059247274095
6.063738687739933
3.7985377216689016
2.3103039731041886
4.878499801085118
3.0394914463530887
2.40478151885463
7.289576574837622
9.84370659431464
12.85937716398567
4.321182658892987
3.8623576640817143
4.838125636089521
9.340115876179823
4.992959090032408
2.720444296204512
5.929342603606056
3.2842726078126137
3.422397010199447
6.06117534504442
7.356085665939176
12.549033934334405
3.2112631478783835
13.080450168831101
5.4595687019522225
4.458149440794634
2.0485671739046807
4.860318716660494
11.72891035976766
9.34651498489869
3.391486911726358
2.5249029230880775
10.286751629822916
3.43112858054534
4.514241849329899
4.098844170675447
4.275470103887233
17.825387926385485
11.68546426284785
4.600472809156828
5.011353632884161
2.6076325813789256
3.263375769790778
30.675263975020226
5.98801758111171
25.571265348013032
3.4557328106192307
8.73261525072256
8.144716122330742
3.2997874100099325
5.482304307343188
5.155031558244968
3.87506536861157
4.6257373441788765
5.318367248581915
6.263582210687328
10.95140233499658
8.60903153209426
5.916102584892775
2.2963896132232726
40.6659660306461
3.2984435397397096
12.468251811712515
15.319473606399738
3.2332059091326113
3.1756273111213273
3.420571315089715
2.9997395989314315
3.642025822364487
5.407826979838066
15.605577220282512
10.71631863270621
3.81093231318374
2.9301837558222323
3.8485798766770087
9.651973703421085
4.764260038445994
2.7262905481244393
18.05127820612321
8.909743061845274
2.7985759565373627
3.686966811765494
2.0922990423241647
3.2020976752362675
10.718334792060883
5.9990829021936385
6.974772431057008
5.248088084567136
6.978731023653952
13.85795556202965
4.851468158839737
2.938591265997274
5.0923021869093725
8.466716473597215
19.121329214251297
13.028068957902393
36.54623097528443
7.4968841922249
2.762307564194003
2.7201461995675422
15.923003594798873
3.0342102797184185
11.972149677465362
4.050356981911442
2.6934048775708
9.755480060825674
9.885800043727494
17.68284481261416
11.847835170389882
9.17263998968466
9.389031468012913
5.186153903432413
20.79755838857359
13.938940306176706
34.2981194810325
2.939386944263207
5.876044308470747
38.45023013223106
10.439507310460295
19.32072056175371
13.16480794650329
7.305476330933959
7.997291023626806
16.81840527297307
34.55728290537093
12.88351868089963
6.037480851701193
21.463222638890535
10.66899083406128
4.9902227126044725
6.836187467077481
13.740296467227752
11.10091080623636
13.107238821091608
12.993158129711317
16.268761402780353
15.609721171655966
25.721382916692637
27.254951454415615
6.190831704503993
4.947625781327371
21.9441061778025
6.462300021941382
7.0959568044760815
10.034578940279774
4.944878021914159
11.528157281587138
5.8744966760999455
15.023967894111328
15.068218116154313
26.604348791940716
12.183350156208771
11.644992800941761
4.263213056905632
14.825836050644757
27.670270647692217
23.29251008112603
8.261899870474343
17.39674500504309
20.162795080546644
29.949803636454995
15.876844069096327
35.54841150447554
18.32934587334815
22.112250360631077
14.253862576547432
4.196001603270643
9.669654074624502
16.55987742793443
6.816904776922234
13.563368972662115
21.751912583886195
10.425611423146693
10.433499590445887
4.440997283485807
2.310375554603226
11.98591928621199
39.09528330597125
11.965913874583151
19.85458039692738
9.566569200023551
21.72957719893325
24.4676724385094
4.725957710257664
5.198364442829692
9.930503014215889
43.45085293992619
3.9379562812676943
7.912129603837153
8.932688542128224
22.362556226621507
23.526883335084847
16.901125355431372
16.319854995646622
6.961182466579807
18.469527357917247
28.63753135966351
9.40190905401865
16.932252710472433
38.82569708043056
6.870708961813575
11.632131833383236
42.721254636088965
13.286137516046272
24.487619288542525
37.84580604871546
16.73689393731372
30.825865263248946
19.32943416420884
21.86037288711999
16.36260066945368
12.970788524539124
39.5629902387084
43.18731929054065
23.451207415300622
33.412449661649475
41.23544898606952
23.73089573970833
16.24647331725727
11.01317885406081
43.68000055068973
42.260138431279586
9.567971361512885
20.301221790916426
42.165166763938586
42.495593483138734
41.63460813807778
14.057094123825127
22.18473060830967
8.464821418931164
83.40656710760665
