0.0
0.0
6.488618783371196
11.058970541334913
7.428419896705246
11.590772481189353
5.645264532289517
13.524946015854741
4.2548849504435795
4.167432356250279
3.646706924130919
3.3944717593169695
2.4480400064995975
5.653346724692724
13.971744221549002
7.342319676457228
2.3099697886928943
4.537522316175332
10.282519811594542
7.986220641915664
3.974646719562749
3.717333776842037
3.7251792816750906
4.120620319886099
3.630039499169314
21.67087490845892
3.3542245736361735
4.300394780833389
3.679785224440556
9.031291852571563
4.39885769590904
2.6243446781978945
25.696555373954865
2.8392293869352905
2.6045605552196194
14.08138483882885
4.367628162365622
35.8323574854073
3.769465913567831
2.725843167490713
12.774873251549904
33.377147582289794
37.7102452988543
30.84844115281334
43.06545741064666
12.140323186108587
41.903294896616
41.45709520387496
42.935002044987215
42.381144483823846
43.73173823634049
42.60843188058217
42.403199351010365
42.33329837940274
43.329195949453265
50.45341695265835
40.50321742274393
41.73661418423208
43.19639548819303
83.12160862678213
83.31393455373221
83.22902873246187
82.6974003622912
82.9582667274351
82.96769066448039
82.90085532400248
82.89426663200067
82.90163816809849
82.8020900875174
82.7372870139875
82.74728105149956
82.7595285805509
82.69245995297466
82.60527179919981
82.56999554436923
82.7118266938729
82.72824238395941
82.83170999773236
82.9167505712164
82.77655284669505
82.58197531705544
82.55291151000144
82.51552776573408
82.60531531633953
82.58231942929513
