0.0
0.0
11.635666480309037
3.9657551006635563
26.653192261032792
12.315065097033342
16.21114160277621
11.657102326343633
9.361055176609476
3.370984811847511
7.568958500498609
5.9874860525638685
6.592771382573007
12.25483673737393
8.673499988654047
1.890711415817558
5.439722978651756
4.19648610560453
3.5922868776549417
15.882513775066984
2.7199627070256125
9.486602356851265
5.9710428752975835
1.9615950845669647
8.177871429866707
15.035602873453486
4.188439396179913
4.889546144949806
6.453717412663068
6.674864980290957
2.226855385224999
2.858550969332056
3.032924570601699
11.046289084059067
3.882294553903396
5.988214596599213
2.834105682645187
29.08171561919343
9.718663541366912
8.481845874458138
4.542508747878795
4.230475441615244
3.3720968012745653
3.1111340979753073
2.6415745262463264
18.741976191899717
5.996466673500005
3.0377792646315456
8.463397064275648
7.482108618321401
8.945232685132408
9.623665991735304
3.375038967318366
11.398341609833208
6.138277063520617
2.640149126409458
2.725060535835962
2.8646122565069203
7.243511321877003
3.7433128180113777
10.550972404124197
7.547335864214106
4.374336943256145
2.7361223162682147
5.664798102742593
7.5936544704093425
5.972025588663783
8.028001675425385
6.442251083991182
27.855670508832024
4.000028001414432
6.500958562230822
5.683476293304567
6.950478633128367
13.36524660276672
14.511171808580023
12.886896386937577
17.051450873147374
7.186217057853848
18.368533527928964
7.464366785243203
13.687839451024846
12.308476678425261
7.459028051500324
19.324600693728325
5.74396528789284
10.486403027972736
5.7144008570275675
4.259993887192413
2.7288824646940206
4.144071314651149
6.0666303506864825
11.154661146651362
12.123419233273633
12.40778581801826
2.210672986956411
20.278420730009955
8.284751492903068
10.25401573798717
10.869561951037879
9.401131114964477
8.166711622340875
32.84092377660454
13.917502743555367
14.860088499259325
11.74794177970902
11.516567074604302
9.090043793984592
19.92960699706725
11.478206339451612
8.648539921847503
8.969759391066107
8.368566183692046
14.332624142368278
20.466980293129335
10.81611213313457
4.049775934143418
3.3342025460982745
6.576491502161944
17.513576504527364
5.940612237158604
34.9854738537308
25.895057528498548
20.1051621890313
16.59410000138038
10.694204988143207
33.74596158099572
11.560456758402
17.352379240575832
15.48228398184554
20.529283194713933
38.967038740922035
8.523859552139385
25.062281331365952
11.76087013583043
33.62208847309302
11.03151989035957
13.423219871719363
43.6424658500728
23.036906522536185
37.73373877777938
23.432651864764196
26.370686420332103
40.223948348944326
23.051300096234215
40.31857357855559
4.695676053064771
36.13798034872577
42.4911716449428
40.535212741764326
41.60986410626383
18.995215408709768
29.980987259374967
39.35453472077911
42.084403992690305
44.4336659104414
40.911865797524825
42.55156180020965
38.94728121804874
43.23966323990349
42.417733883555734
43.30532545125841
43.785221358749844
43.13007165878104
42.16508243280768
82.71324577353901
39.08612062469302
42.00220418295755
39.10838507570015
43.2179522318171
43.342583299282936
41.48738039989227
41.86136753038142
42.49958067341978
43.241891924641145
83.24577354767081
81.89280626343466
82.48308011997358
39.43296636999976
43.71258002730905
82.8559301689331
58.855819295923695
83.0748228905068
83.03683814263707
40.728174878368804
41.824369876541525
82.02288256707669
82.87186923997436
41.336252391148165
82.82756638253143
