0.0
0.0
9.824902216206128
4.375243143602522
6.782563664256061
3.12235349067067
4.63189159233337
8.930437194314594
8.365878488941707
4.592905739691314
12.652202171379601
5.1283067650158465
6.537196006434886
9.734790296058044
4.216273890216439
5.284648178839584
9.707515908020232
6.065152341418062
15.752647147487494
9.87029896811957
14.144072338726522
7.8477014842973505
6.421327626967355
3.6645436376175757
5.100634486134261
4.806436258326217
1.8664374629188754
10.544185331883641
10.109289567459488
6.121595480406974
23.94678498768696
40.320815595094246
6.395347851493949
30.00586269991229
11.013462485382846
8.395820475880942
27.058043904287587
16.919709836874663
25.507289362025308
9.549489663028236
8.10628361191552
25.365719094488774
35.4066467345523
37.7382560478728
36.72475038701616
38.58823219469116
43.312588150707754
42.5249509067622
42.915912214527225
43.37824837058744
41.661900755893726
43.54080228432248
43.54532863084211
43.843876828265174
43.627811284063995
42.54212274978777
43.49739264083334
42.84317877259844
82.43925465192237
68.9768705553426
41.37655033958916
80.84505931974724
82.58910660035235
82.90109601518031
41.995927786521
41.93566536788255
41.64134562799364
41.74207451819149
82.38451983306287
83.0691749970309
83.41217246807595
43.79854896091318
83.00867116525056
83.23613692155583
83.28763761178774
83.34611286292052
82.36893443504528
83.05693612682938
83.02256091955094
82.28961384368907
82.95990661421936
83.02923831307993
83.03261839937079
82.96839599268128
83.16902938967009
83.07491090085823
83.25789740279701
83.18010139026397
