0.0
0.0
4.280295507347063
6.792515427351811
4.089560700793563
3.9118586649986495
13.033255109000372
6.518233370056827
4.412965481070817
4.205937014846253
3.05669707568043
5.202401185993527
5.142025733133847
4.6824317847229
3.16648018396201
3.6284897128389697
4.112540302443355
2.9581261552744804
2.287381247110219
2.320075266192836
5.892926506872546
3.6357395733663482
3.449272374664524
3.964974271140094
4.631097321464625
5.163443881028514
5.825565024093963
2.9910703311523936
7.958277417392036
9.400064970551874
7.249093883487767
5.55143169937964
5.576461984860787
11.790221042034405
11.71986570536184
3.8752920348329214
7.3890790953302
8.706753747914215
8.315244409890033
2.449894139505849
4.354268251469267
2.8963951572080524
32.60384036951673
6.144364807627476
3.004005662202953
6.298715228053741
11.519014983749226
8.872672663601945
16.871688897582786
7.320108295541977
10.719280409792766
5.665722095040972
27.508894174133697
32.276018658220494
16.551967356917487
35.94523228794388
40.147330666711994
37.29360551912052
38.41036096176284
42.07663150727112
33.977245766141564
40.93654525647197
28.030938570698485
36.39936433529734
42.44573396867925
38.044605265184735
41.70810371015119
42.53990660861479
42.19321329407811
42.073533603526776
42.29539737664667
41.429782886680975
42.18388694117436
42.32348380976608
41.61567579949751
42.038855929877386
42.606884140084794
42.64446035493854
42.903516534529096
42.44579300905943
43.06205420025406
43.17431902395188
43.497558139140764
41.796902129564764
43.39147326996612
43.70508276616342
41.54863262050141
40.3333299964156
43.25000795355431
42.86531801230325
42.93595207862566
42.840748232255315
42.70767026351621
42.85528955394578
43.32325341976768
43.252157300511996
43.99120411628731
43.85264875738176
46.115380972512234
48.72638674299876
41.84612312927713
48.11820644899353
47.95832353112747
51.95518291495219
47.66785000402002
47.37077356764005
48.86557464252568
82.86936516694388
35.850208491641595
42.01803520459722
82.56633798315157
82.78051308942636
82.57788781596015
43.13583054292847
82.48592831795457
82.16130709713491
81.93466085292124
28.0136967965409
82.22852705418487
82.17832791271658
81.95866701360426
41.91779992818796
41.91753362148248
82.5176861704711
82.72545690856236
82.43965940257556
81.20440985291623
82.53476256843379
82.55163625706496
82.62926967954597
82.62015693211536
82.55137480521127
82.59884094910198
