0.0
0.0
6.7516872261587775
6.20313507839959
4.225200309484113
6.95079810896548
10.477772157530495
3.089256294924146
2.4246795433029535
9.94933807708569
7.121761732868098
4.209349757432069
11.86375852790106
8.707915158323507
2.543731468664973
5.570397939560077
8.826471726438934
3.8070317253340993
2.812714781745002
2.74725544629642
12.66297766998981
10.148296261088259
9.377936779653883
9.497899285747978
4.1102303181046045
3.8263884665870402
2.2864425293142303
3.5254209596355977
3.3361098339154975
4.152239787790073
3.791361766878387
2.792340123700405
2.6174121056461748
4.2740658750387075
8.67607710217967
4.998717644249129
9.616056050517564
2.22213782135829
4.822583388491554
6.870805387066895
5.247598341456486
18.03270084585328
5.685615144753012
13.88546041661114
6.466669982433325
15.683960447801413
12.785445008564409
3.2580095235310154
13.762426584960133
14.144518323655616
25.567291474420138
34.426657182004526
16.323575464916658
21.685743715334343
14.294082421314409
16.9345049003127
22.593060621350038
36.70193465552923
39.904048308758114
36.98655961155945
35.38720964631488
42.74739728157666
43.39921786942618
39.41293250951182
37.10104353438662
43.10923417302914
43.44995671332122
82.6934455467176
41.770098360553874
82.76771162372015
82.52773083916712
81.64467819389925
81.50134280116575
81.44442366593469
64.2367810480689
43.02466672533452
81.63789705835798
41.618860822576444
82.3863477265551
82.8544731449685
81.76201297807204
82.45539792384457
82.72824894271636
82.1578219687553
82.61138594310701
65.57584325736224
82.49634366672652
65.7741638934374
82.69140092110217
82.65411459253808
82.68955855386125
38.07728806524056
82.68062509805546
82.63011456997961
82.38315849935849
82.50170751716934
82.37402917397853
82.25431064172383
82.73229035300618
82.53301620082819
