0.0
0.0
7.745090921874013
2.131649810069441
4.077927307667904
3.6029117926021
2.8636843775717553
4.953674111683771
3.2990726586431647
3.154419340977778
7.733853220873118
2.4203427266600914
12.4607720473022
4.650847078433851
4.814689186861007
4.18231988111943
2.767826389866288
2.8235109356174304
5.980989482906027
3.1609977693387594
10.859598380064877
4.517752529092525
3.4889864646006066
3.1787118555484777
3.977292990053352
2.6698434915173994
3.7074598348974326
20.26295237615084
2.763135492543385
4.7033227988054325
4.681653038989136
9.34553487550756
5.777917288933744
5.18777417856203
8.7682599199967
7.6155200164921055
5.6460005316247415
16.49915315790311
3.979546002125003
2.557802391400239
2.1781409911543896
4.139878612181696
5.573451699645566
3.332667227775117
3.7869078442222404
8.503552806858204
26.580466740152023
7.601204825126834
4.644494778094819
1.8019118544509103
6.615693667500682
5.404220171673963
4.491930986561019
2.409983015780967
5.74000890018943
13.618792648538204
5.876601497176414
3.4963921694379354
3.870853926432885
2.614656033255279
12.879552795098814
3.0268377876887747
4.134936954339773
6.042919692292575
4.96144099608745
8.668274818313337
6.5232178800832195
2.5010044268901903
2.4097796258680164
3.180957346241685
4.231000516872415
2.2176588193026823
14.763349969060025
24.33411684800349
4.8830058103787595
4.606644644279925
10.104445687078668
4.161880275148248
6.962567745030671
3.383092302082911
9.788774279048384
4.001709311834818
3.2141944862800558
3.4037343227216854
13.320079693157119
8.97437137459732
2.8078462204850987
4.3268643918584
3.6289366182972724
9.425572138241026
3.341500049533864
4.524466470724499
4.047488447396621
7.753797828733752
7.574680586680801
11.228248619468538
1.8832595355167312
8.400533744052543
3.4384684033921458
4.924643858301273
3.4752194266695553
6.370303879588381
8.819744326310877
4.252689054736484
4.724586631810435
3.3365290177422215
4.949757404017713
21.33486400155872
8.113830631840125
18.184949846448358
6.306738179276048
6.391225803858922
3.0436791052827434
3.8283413308552805
4.50198792095316
5.875139037715316
3.059410215861882
2.0386346462432856
2.2102797963972733
17.082763327618974
2.937045520701216
2.4161598279837873
7.899154327118846
8.840350111429942
6.206871835028292
17.089432773079842
5.3047803123994575
4.175414410271681
2.592668118276939
8.618260643454795
9.640966250385688
3.9770610861956284
2.569662705682264
2.9641650053074056
8.586293546066534
2.2376956867493636
5.412848898593267
3.3695491401324613
5.110093186217502
7.376985745737535
3.531477630387675
15.332068914325115
4.856749619629877
13.12737085735142
3.146588666250324
5.576203527546801
4.029212495847624
3.5985453858955947
5.77332493430017
3.958149818029679
2.3653480615610913
3.4627855350872947
11.336426250879635
4.590038946693086
5.0155941447346315
9.471460534465306
4.085216097209302
6.254468614292949
5.95326965140292
6.422536868579083
8.14205169681763
5.419493819127718
9.849643273159135
5.782225986334177
2.8646064818085404
3.818498307871158
8.30649491243086
6.222305088154175
2.8851321503686123
7.927289201249422
2.9336449223609637
5.1355299508802235
4.237071465515931
7.2842551443765
3.3017631011972646
10.39201730915733
5.907733510036531
3.2434575869206124
2.7276731099444387
3.151855714579012
9.489116161796964
4.924364457096145
3.997097720925788
8.796942974520125
9.192592129733667
11.837977858375051
4.7800273690366035
3.6766881517956445
4.130740004100061
3.265619813996147
3.6227303600797516
6.245467243565698
3.5171619503718055
7.976978542912976
3.409239921692736
14.038086745185616
7.373259627900695
4.5523487075345015
8.561992479509085
2.2721329471794665
3.3535155959295935
3.1337372505673917
5.723256108301603
5.051185253446436
9.586683387654352
3.419497464090987
8.108411806399205
3.53400973899003
6.665945188219306
3.9083342903017813
3.954644532803279
9.55900736563263
3.805725851671085
7.04009928498103
10.958035470942331
7.371215918249103
2.687035983962892
3.001894560553364
2.490967173684073
2.5076373730856716
5.083789214780363
6.337565465397587
9.955044027843137
2.7240234494479556
3.165926970074716
6.3420157220724755
2.4180926548460326
6.17105691762688
5.430368378715246
4.751198552931205
5.838331636976931
5.220056242703302
2.9174604724805735
3.177877728546442
3.7815306893845553
3.228141332649601
3.86276919062793
8.326792367068991
4.593850026189598
3.041944609450079
2.9520075720175103
2.127994363242236
3.9652004032165666
7.432013510886445
7.655310340974657
3.0282795729000402
4.88897325753579
8.054850080157077
4.3028905489646645
4.726536193175305
5.371975991381777
6.497104074102817
8.664511197490116
4.512328906437004
3.44687197549289
7.750722966362632
8.236843958902954
6.549706799726528
1.9804529152506136
4.347653165904921
4.916444800910228
6.133389809970402
6.049645574982454
3.1777967439193002
5.7627019927617384
2.8208317056510688
5.4428211779704245
8.442346603600377
2.2190700784493256
4.0405114512521605
3.45610770652815
2.9004638456818626
8.05344970274481
6.023040590304005
4.947787426987441
2.162257746788195
5.933428739594892
4.238223901298368
3.0230034936115655
4.8287428569630295
3.0145397480655047
4.151264928902287
3.3168969539598545
4.2778398243090034
3.1230441701281064
9.514467837822874
2.7969477325114123
4.693592969769023
4.260639020918401
2.9991389966568334
6.020852975211591
4.379296381590921
4.958577889308096
8.082275628725634
7.409949574507766
9.043754565403736
3.8797797428765564
10.396482462785624
2.505289497707877
5.879963380710283
3.856520595679586
6.910261328117567
6.183940733463473
3.155279544624632
2.364601961186048
4.167404869886683
2.9294156064599446
10.214434652089295
3.382877285341689
3.4556268001814705
7.145225438354113
3.240025338747944
2.4697298279297244
2.924697967664283
2.63246509804183
8.027880244835648
2.529378061879905
6.3563715330768815
3.2116062830525665
14.91738885509769
3.201060011488556
2.3103888223943403
5.925416312717067
15.853835860150138
13.687584456623263
5.691745825116785
3.778432518088945
2.332050182311936
7.981445408477077
7.309671403109861
2.827309941992036
7.212196075463232
4.621302619497108
4.998180864194089
2.8492751290750142
5.154822393230097
2.428004645096156
1.9705472143633287
5.591553254417509
3.8501194330166744
4.009811477661475
2.1980834733915495
4.893897927543762
2.847653554977967
3.597813325180624
3.22671563970443
5.17995935154192
3.2240048705815467
2.534592883334575
7.60188562107007
2.8802805618511274
5.789888071663373
2.8317404318705086
3.519882333171668
11.522367822633138
5.468413464595495
6.577299272063976
3.5309557232174114
7.498780757827987
2.5764114458967793
2.799480101863148
8.42775934984553
5.224069875909989
10.953040433912511
10.243372295973385
9.159676058717148
7.582319764378699
3.444814758731469
5.168817592625019
2.5310012197856495
4.036419675452578
4.94436093175225
3.1781752439806734
3.799828680525562
7.892224100314909
4.211519703598102
9.65605190676105
2.2106895457153617
2.187965196153591
5.794041813525748
3.0997434046717456
3.9354584406695934
2.805298711502636
6.704973186101365
2.5097139949578255
3.3134923786571826
10.588432182720865
2.8417447845853117
3.574032628031988
15.687417929815762
17.495774280900683
2.239392035644552
2.3884751490051963
7.276720393501037
3.9459051080486085
3.4404488828028548
6.351793215822415
3.3120644387330205
4.319289512436932
2.389791261216587
2.4269125930792037
6.285768825155528
5.998240288845426
16.218173513083244
10.951016188738592
2.5658566817674817
9.810338509419223
2.487630304339664
4.809728570489748
2.005144969783027
8.860447483953475
3.0040007136379927
14.559724379958976
4.617684121170534
9.793189882005006
14.362030844858616
14.953641703823472
6.151616551692955
2.474949140115041
2.63074062349571
4.313109200136549
3.256253662895986
10.24576115159255
3.8945578410413972
5.4712249546121
2.91178681422842
6.446143185910071
9.928923475336894
19.26681793191238
3.4527175636762713
3.52320332805192
4.505901703701915
6.811590282607867
6.659328728760305
2.8185997255073234
23.31095329767657
3.9983090226222933
5.457190422130125
4.523779020161686
3.005780366808449
8.638285081441683
5.086026721790504
14.61897584398497
6.652186520834281
4.349019637046615
6.115676372031344
3.8802535768747375
2.3909523988632335
8.278592042419554
7.103892608356552
2.6538811661094845
3.531350373361582
4.078656989805489
7.597006669380742
2.9962522872377346
3.7175671207661183
8.03500794990355
6.616172287556748
4.1559841104521595
7.1184625724903325
3.0905174426433977
5.294493756933474
4.2286259652042855
6.7584395894944995
2.3784243635091444
4.899919887748322
2.914150310407593
3.7870460844619775
3.915029519578221
4.125922843572523
5.321723586206937
4.209836309984379
7.893479087277955
6.869639120967724
5.192776592559632
4.1212333284359
3.348299723775444
4.108173560515081
2.9857698166226765
11.55815932076868
4.799723242352665
3.502935922090457
3.122421065225486
5.427502499899509
3.839432352872696
3.828504202250072
3.500084679181961
3.21607132541189
7.103339614009538
2.634956306458817
3.886619785644017
11.844058430407708
7.254471075239498
2.9283743798246102
5.117946368594706
4.537768577701664
9.511658630227226
2.820379130085924
3.609407129311941
3.350782206539184
3.614574406016585
7.277240432115512
10.92294781480466
6.191458735450204
4.068970231629563
14.810140413274528
3.1575211892776514
4.9972985773458465
17.003703194481357
4.329709852589286
7.130284450106709
2.198672125595055
3.9415279612483416
28.12998297105664
3.457811743700617
4.958927959988359
2.6756930988962706
2.612509023222546
2.719857186107076
4.375097009810364
3.8094014115350316
3.5283186567817824
5.340853128084884
2.908525768299771
5.111211593319162
6.3275554375698135
6.867432852187612
4.032226396908922
4.3487188167108535
2.8238706551031614
3.036928487907775
3.6987415870412232
3.148097961056979
14.438978992707566
3.6494117332775162
2.670574741528373
5.533191217230118
4.497390151186784
3.2801017179629475
5.09872718691672
5.099608467186337
9.63002256188364
3.169413311642441
3.984744900715101
4.1306989015714555
7.047668420419766
2.9013987113099713
3.969017231509292
10.123402503587426
4.041629542283408
14.784238116172308
3.4241169038612247
3.5843353949552434
6.997927080080247
7.695402551832622
5.822726977326517
3.136461675998196
5.09357904367903
5.470985483465936
12.24065153998219
3.8967396983430183
5.25642623664657
4.196047581809376
5.401911208152692
4.094383760573449
2.5903705075262726
3.785811329911802
10.890877264431355
11.829889231115853
6.272620465105483
3.766546837274733
2.7963689445001902
4.025585832844941
3.057417035798767
2.8395704867448637
2.818211198710302
2.1700470801288803
6.442523357902347
3.5226862103820205
3.5738390581587844
3.111751805583929
10.882456606570871
2.5870404253529653
2.280511860906253
3.6221436389572195
3.720962878630145
3.271057189321428
11.690220024113934
5.423522981031514
13.585648698858105
3.6574950006124314
2.9564275265730666
10.184357776652819
14.734880647672881
3.081790583167386
3.7857187632659706
16.578402860279358
4.609285205697108
4.340856818535565
3.9114849919670487
10.270954183656812
3.1047229186646645
5.861960977771304
3.7199700601007755
15.070618224329849
6.6457487485228715
4.0832250300397135
13.635242943809835
4.718601164346988
4.454906611777725
12.680150946321826
8.017916699778073
10.499015967840368
3.0788540546888536
8.310347375485167
5.9543657501630785
7.105953319702378
3.538158525445659
5.269591885186355
3.183197276188996
3.718006252395296
4.540087506523887
16.46135600406081
7.41717806607038
4.431124708421217
7.891645387612816
3.3604210568759423
2.6464222213646154
3.721964849217801
3.6257755280740436
4.5886883479845855
8.371080411051318
5.063271312674569
6.313539816683293
9.242982541477033
5.454757230777971
4.150620269532196
3.8188901905202233
4.138977972009676
4.083927985847529
9.992071077787834
9.850616829278662
3.9128572827274857
7.997171066939865
5.473184373419451
3.7811624820816583
9.136711462021397
8.476194699255414
6.723090330435051
7.901300815166051
4.603938605726871
6.557048618735494
17.27731421300603
3.5468554062545246
15.477098522603155
4.814311519429559
7.397733929092378
6.521718806397233
6.810781718260806
10.445798577548794
3.619575030963952
11.833855026431225
6.898337278885676
4.071229600128985
8.619821582117124
12.526161726567874
4.532114432109496
5.716875579848819
10.087653362745106
9.438168396900165
6.560750920138459
4.903545738776777
11.086971910097198
10.587217362334757
5.712540567914465
17.36301651340168
7.7136822721454115
3.618731312704272
5.859775603767064
8.35067705163167
4.714738693090046
6.755377023617875
7.946787561005411
2.65172538684024
