0.0
0.0
2.2160669743339825
9.647793921531097
5.95676680518895
4.638109755955431
6.40126288523788
14.153607252909225
3.56238238176136
5.336486272512974
3.521561363074446
7.961428320452371
5.203708125410334
11.33101362943116
1.2431740597842302
1.2462511182564784
1.3308111210958757
1.6686519758072775
1.9240758281223838
2.514898612593179
7.932188168780313
7.2734780220181205
5.635695317407797
23.234732876876055
10.432015015859665
8.1316306080918
5.649432617299565
9.840362883441076
4.723408681886538
3.7846116380555044
7.14055206245276
32.898839745695916
37.87554143966298
6.5463075447955505
27.48606140666606
21.451768003113205
30.539080648548037
11.434985439877593
5.4122024135740165
6.049613483288317
19.438088517540795
24.7144151981553
34.042818102585606
11.089917856771287
8.66923145628793
29.707885516076747
25.450714329213127
22.483295297344466
43.65433076577766
7.468607632908455
15.606251259196963
26.441097830532865
29.52536145403006
40.34885913193573
16.261794862451662
43.577952907788536
42.47739658209747
43.67292405968959
27.25568556164481
29.56648277145869
42.169810269579905
31.91861362153042
43.193481947357434
43.77330217963592
32.25813889106234
43.47950810464903
40.07190878968345
47.875446239585926
59.2746502819511
41.87029526003147
82.96912130015606
83.01035290495503
82.49148471104657
43.253129770373896
82.86735960088168
82.09497300747002
82.62092192868215
41.70659962091298
82.72686288694644
83.1389529960478
42.20311064335087
43.61484199484378
43.30335022314197
82.74558149761147
82.56933497774787
82.29757056259425
81.4043526668081
43.445222483670626
81.99363346953716
81.34200203456358
43.26708056326022
43.28222931183571
80.55820313516716
81.0604035636545
43.208050585358436
80.88423925683276
81.32450992729201
