0.0
0.0
6.406584488163715
4.793414145334994
2.85518534154224
2.9326027770692678
5.099421992281291
4.002958276697827
3.120712302805826
4.268292212842893
10.535773413795395
2.949488308186437
6.241849536927215
4.317141433914341
6.4286179189959665
4.77117626937589
2.8953792145378534
2.713742009557155
3.4224655241447683
7.390804228268698
3.64818005269458
4.243268022044331
1.9921450572897486
2.120966656547307
5.444441228446741
2.951315333825912
2.6466068176305932
5.673860280236716
2.373674315944327
3.6171486197721805
1.5372923829564011
1.7512338176712134
2.3884229018418344
2.8508197799424995
7.097051673467815
4.8961639119545985
3.9708050544236833
7.816675842610129
6.033717060567575
2.2948345133039174
3.172047404940327
6.126704770263975
7.833143750018058
8.117610938644509
1.9003877612567932
7.684191606161065
5.422998189215511
4.234238602882073
5.207080331818014
3.093898252307709
5.4917612461133665
2.380797955141433
3.371882898983771
2.256563992099171
3.602429114047935
9.418064521807482
2.1152824464552324
4.117218137813448
3.0027637858800893
3.768157014365681
3.9194937648097974
4.795601830424342
1.5053123236683652
5.709188035077939
2.6468880008766833
4.850209850656781
2.2454959845078992
2.8024236747708997
3.1794353835203935
2.4856379910581707
10.751960672063055
6.946896699453976
5.4737168991480845
3.7950105324777863
3.948434445449011
2.449001852929493
4.813637523910353
2.1007883540669283
4.934925671569413
3.9854712722981707
6.981020247491133
4.756186668115529
2.9054261368008856
1.9033991957929308
3.7666222906890936
4.98224121978155
4.599068350882812
6.240151228704403
9.036734435759392
2.0496558943465293
4.465576674643993
3.1227503889210926
3.1062299108285316
2.2627651685667556
9.767061520161315
3.075886730319477
1.8854977559186663
5.5415348250817384
1.8424158961650359
4.060521630453232
2.239041512105306
4.034596277514849
6.439350938865095
6.563534945990638
1.5869867463535732
4.383909573781961
4.288195922433791
9.407328648507866
5.115777011873761
2.3735429660508243
5.002620301853376
3.5799499482420227
2.9708238050184006
2.756638230640056
4.172863351492421
2.2480458277472435
1.584981678819477
4.470548400357421
2.586114896878126
2.0710282585734396
2.490542109135648
5.897218137316239
3.218573328301343
2.4593722985765383
2.1240441205891085
4.4124380695412215
5.036896519153424
3.2448534236982134
2.4470918712568595
4.665375062829887
2.1987229849205185
10.105068498888432
7.883259338067841
4.56867803486533
1.7989091426859918
5.398472982916067
3.2666845817687893
1.9237135863820667
10.518419323534983
6.3332190148387655
3.1263097316104522
2.544601935565214
2.382488529584226
1.6519662504583914
3.2772731562429334
2.272976242692744
7.003077745243468
10.541051651434039
5.387746663309464
10.352842119423455
8.043011010314798
2.083193036327158
2.3469084669504108
2.2768707878614105
10.834374598054444
1.8726867595534176
7.602175784564913
1.7324136226878875
1.6411602817098694
3.8186655916736445
3.949315240663904
2.422812869337557
4.06292048301262
2.424355803226741
3.089032696239654
1.7138868430263348
5.101786353672676
2.3176074368562576
1.8417312251798548
4.2039747983800195
2.556322955299699
1.7304268160893816
6.843784487298698
2.659785404549773
6.4322845115177785
3.880870200321428
12.73129578349596
3.3915781509535576
2.1426959309374505
3.275599399889968
4.296211594937605
2.585542508506597
2.394107508394202
2.819585582799541
2.1282089544204346
7.025359687008088
2.5563307558544683
2.2997432265000692
1.8211929883058253
5.3299064822312
10.808518775496506
2.07407272529751
3.0045367239953076
5.880159866908184
2.1416932217435223
1.737322183442428
2.2204472052549025
3.9761187212997013
2.382777851772135
8.292002821269357
5.079081427618408
3.324529920353952
8.914283919987035
5.156841467338781
1.5594454084849696
2.035276852270289
3.7725461954328736
5.520331598523905
3.614529450047601
1.816643887416676
2.039334709702665
5.895278583054076
10.071878566573288
2.9916594002659167
11.769821751765706
3.275381026292433
10.060192478517864
2.662084545262798
6.208490511663344
1.750830666041986
2.7497123308745364
1.5447831965625414
3.0232909672899173
2.9516501121740584
3.0900369112268553
3.3827424563171915
3.000688768491728
4.846315860049107
2.658791376219084
1.9751719637987837
3.0388933199119297
2.918947277272347
2.2963018920651965
2.0729991964555303
5.144160192531138
2.165281481296191
3.088962605017716
3.5215370283982335
1.8713407066615562
2.521750871061602
11.1244366403433
5.2238372521200445
3.4000400815491454
2.3684582779032524
3.2843427031892807
3.4683619087582107
7.790320493195119
2.9694528705358123
3.076041381600272
6.543209297084143
3.4648365754776655
2.1759682420931896
2.977966621254087
1.788223438522936
2.111397755358943
4.10571556135859
2.314786101825766
1.9814677979654687
2.2415738950724133
3.934777748099179
1.6652242334934249
3.420677825962332
2.502275219015233
1.9040557892202643
10.167374145222563
3.6802090028203702
2.2031584652023604
16.31419352434078
1.5617824759444108
5.357498425758823
6.525747834577725
4.430457323058179
3.7316722826795923
2.276520357912551
1.646370005973294
4.856154423948943
3.556904626569768
6.872011975932697
4.016687956176753
2.6389591926145726
2.9887726910421213
2.3421906735741937
5.648703768483938
2.579131002410464
3.6543038669217625
2.74109657134383
1.8040611167309926
3.061070948757239
2.4070620050887728
2.0516042106551966
2.082427871957052
8.104850068399328
5.7936143435773575
6.899169824861535
11.763497621729043
13.838920033248224
4.294789802227853
4.044112576541342
8.229893489778812
4.864991778355344
5.490746273563176
1.9647173973904752
4.046910261855572
2.749638622427649
10.92946535010068
3.932647177673029
4.144363012206475
16.796759723381758
5.35364771529244
17.984967064493283
2.956184281056187
13.127701682067713
16.426922953674417
5.22458937986724
8.106230402615068
3.701080968294007
2.7621309373330605
8.059695881111203
2.2282816102315692
4.127765098113676
6.001005602342577
12.005440985519698
3.988994653983122
5.66064824036078
9.740958625172128
4.281140189272897
5.541793799642328
3.0169304250927267
3.32700853089302
3.9632218671453217
11.894147422026451
6.372393952968329
6.351866245549465
3.143618384448717
4.308286834506503
10.030251255276289
15.519196672918575
14.173884786168609
6.311129885594578
2.8867715889108663
4.941061251932473
3.151073882115671
4.231202077623106
2.6391915491998588
5.644619255151352
8.351828768840205
6.673384875928497
4.548553571625898
3.7062343520830625
5.0852134400507945
3.879753763627431
4.718910634661977
14.355956509309337
15.705581440343824
10.732503933380881
2.5158678177163734
5.315212014796065
11.074843004040648
16.56426437554387
9.889352558131513
14.066293065497334
2.936630750574445
3.9358950631736023
4.087026447554729
2.7428411189834403
5.681311444441899
4.525982121424721
3.8338702169395797
3.3860181385657455
6.886543524665864
6.401944160288609
14.011959376902475
13.914628864902278
3.6970466955678054
3.7615952814917186
6.241628908508062
3.2878115558477212
4.407357329103913
2.3095338489759634
10.077025975323451
3.2528471286103957
4.232441690600394
3.5965895769739493
2.6021069063607425
10.021607441601883
4.835877835988066
4.009929930875585
5.46471340760671
4.749299562610312
11.284777210936523
4.63746214574465
6.286119099124638
3.1072813566296125
9.080238318776399
12.847493143254816
2.603112949401665
3.8737367234272284
9.021926392054223
2.2904469893415267
8.344689346105802
10.628437149749804
4.0084711368159045
13.855254967488536
4.673872670343134
3.470681225060795
6.24223193743076
8.070432052764387
8.06052779611304
9.507801961204764
4.529145605903473
7.777428371523018
4.284070182685643
9.027334243824221
3.4555158816627736
7.4539665595653775
3.50795625426152
4.42359175214538
2.133752140877317
2.3954438594436533
4.469782486041036
3.6303631373497947
5.216248467521916
5.66599624159981
3.4423289509536654
6.359582961574804
13.431056426630992
6.075093124998999
16.489537010832834
6.087532160493143
9.177666824616901
2.9498565295801598
4.723186011761313
10.809663896443588
8.12004730389233
6.720659687340203
4.045651045769438
6.611057291819692
6.407417127862468
5.926188233950002
8.816116258468043
3.064874548857834
5.121225933738915
3.306103536239009
6.472693731326564
3.831188006736973
3.365203909124986
11.140071696592884
5.282774442275346
3.186429334570965
3.8714407068965753
6.075531617613146
6.189898702886659
9.388805778498357
3.0206756317291075
7.818622120904095
4.003328991687166
2.5783352537971003
8.518033325248823
5.6140622784791745
16.866887962709704
8.032295718473907
4.781176852815596
5.654456977330218
6.815258157240664
5.372737590537136
3.4327194883763545
3.431186682482447
8.978512152618732
9.80830272880828
8.832356508695698
4.730530914166845
4.129877653024734
9.0351056780872
15.956476097419712
7.747246889444616
5.638868912000274
9.015086601553335
9.824358656800541
12.889112661126385
5.201717855062751
3.0072560065658744
4.08458686457191
5.765094739535378
4.113748209166839
9.002829417302426
6.19114213307129
5.476634508557497
3.1515319707542155
6.244710424973805
11.305982287109138
10.905846084628974
6.645832812657728
3.6264415903033824
6.182088061062566
3.5723488679027353
3.9789661772473015
8.583403545498243
9.060390547760367
19.803341026141947
14.069938534065713
4.293623266707762
9.024246805146436
29.028612724344022
10.994034580301406
7.659741139114783
7.582683530666462
6.281945073056261
13.756517165237572
3.843192339073308
11.716465230273876
7.573972933795554
4.903130781987455
5.210357676499605
3.6161421245694627
10.613762496253164
3.8865449887999013
19.992088822765833
16.23137383544913
7.881609672978521
31.384815157230847
6.0417432042030175
12.599038574616042
5.989338453841082
9.431478270648979
7.498834978036228
13.939086170787403
19.370661837135415
6.124468210727813
14.697276041744773
8.200175974019098
21.53816660236749
2.5923688915851093
10.80215717647873
10.319507266289262
4.62149920420954
2.677895010085101
6.401265321894346
7.679396137036107
10.292768639478194
3.961054796159376
13.934723908455716
4.291389180249572
10.179672446686604
5.439456937546447
12.71625427269039
13.717891683429446
38.199419573039734
10.897929435641185
7.124733718343278
21.818861754918252
21.399552742897693
18.047477865362413
16.53012526636427
27.026042580869788
34.20965429122048
27.664839296307278
31.623089732709218
40.50462764285055
31.266093604718275
27.953840521848168
21.81871673348352
34.73373198580671
36.542135941189
42.35543338956281
39.31881681544792
42.132515140606266
41.7809428883519
42.54766863069668
42.68879183133527
42.16940107565258
40.50034330996207
43.38333533904256
