0.0
0.0
7.1282380781752295
2.080582550085913
1.1552033245298456
1.1552033344811956
1.1552033269156377
1.1552033291003758
1.1552033210220083
1.1552033144703115
1.1552033184651795
1.155203321665988
1.1552033272505646
1.155203328319499
1.1552033239712347
1.1552033285498304
1.1552033231548444
1.1552033192502182
1.1552033261121932
1.1552033301918003
1.1552033487265816
1.155203330866453
1.1552033189007165
1.155203324049972
1.1552033204747543
1.1552033215665163
1.1552033224765224
1.155203340255819
1.1552033282619882
1.1552033086142217
1.1552033250789717
1.1552033230429257
1.1552033218520847
1.1552033124825678
1.1552033261340626
1.1552033214837074
1.1552033244443725
1.1552033310423924
1.1552033274079925
1.1552033237799884
1.1552033099606005
1.155203325743874
1.1552033150607628
1.1552033141957174
1.155203338115514
1.15520330707117
1.155203322718186
1.1552033315281258
1.1552033281773628
1.1552033213662296
1.1552033183335793
1.1552033269759756
1.1552033357004243
1.1552033122944672
1.1552033282443466
1.155203323993435
1.1552033146431109
1.1552033290545227
1.155203321772181
1.1552033348177748
1.155203306722069
1.155203328349593
1.156953445264129
4.639560362776797
4.757311097120636
4.152498819821189
9.409408601668165
25.03545233603703
8.611250651560319
2.7560888863078454
3.575540535326581
5.201536724226844
2.91528763767767
3.0314369116275026
3.3952411409309553
2.6091935774519066
3.972509692201037
2.254743921675719
15.077760776905217
6.860263010246846
3.1779588027435737
3.5505041167789844
13.284876023518828
3.8980162953800654
14.047269139997137
10.772303676396318
17.85564647840833
14.061265590582538
9.158166900357346
14.76385242971468
9.037751633552494
16.95237289717942
8.018607257328885
25.084959198007066
11.430558715267413
27.13639823328605
6.670148179136054
8.244696317871414
12.41893125567655
7.8073943738601095
28.422051031757704
30.948256656354467
26.54299261943093
26.076079351271723
25.49846818099974
21.434732210006253
36.22103288422894
31.32420280036372
34.124025027962034
32.74618626470019
33.05579456454745
32.153350222607614
33.18542571270926
34.128121334538896
34.38474994039016
35.05442360191532
36.161135085224906
36.36117886359797
37.184255699091416
36.95272193679235
36.7474215221954
37.21335187063166
36.49554800283166
37.167425718027886
36.77609049053115
37.32373292269493
37.34279341737227
37.41698862231064
37.58936758325702
37.39724498278271
38.02143916884844
37.708042252307735
38.47781418778123
17.14841136406215
38.77947724461835
38.88102191775373
39.20485224629166
40.1589593393726
18.141754032600172
42.41969005243114
46.56343269832174
82.69822757472411
44.3583328792918
45.44380482531092
44.80891696343561
44.11759260956411
45.01217328212592
45.16724776798112
65.04859195796537
41.64605343195329
82.21904697108195
45.75660488614648
42.959414579894464
82.4170818135117
82.62425804835411
41.74581304468197
82.73444085753285
82.6616639852669
83.18165520334264
43.42868947432655
83.15060917790662
43.6113226516935
42.90371984230029
43.15175794392825
83.08326007040569
43.24700055803229
83.00960705382008
83.37202161828225
