0.0
0.0
5.547641672243221
4.2149674132788615
6.860848118519719
7.839664193471135
3.0833544593170146
10.684229044799993
12.739854652742668
5.921930417023754
8.553039060887338
3.8736156215977413
4.427819242302684
5.9239700944897
4.292556366216185
15.234578432404266
7.154212613307933
8.122363964828232
3.5247773675571095
6.692670452515851
6.984778367304486
3.071737653396379
6.451521163828006
2.49094701500486
26.356240245984303
3.812150814672059
4.199493921207326
26.230988856491816
2.377471967929551
14.766565550725606
13.209326562212727
33.631024458052714
12.06443772440177
27.5254999754399
5.475796961022477
3.9183056990263445
22.87757610586475
6.415309327179468
16.949061678524235
35.29544374242105
31.88420649723821
40.52271561129238
43.80164826145789
40.24623209575862
42.15249519158365
42.13081143468306
40.39041829887648
42.64466582153001
43.01450057544485
38.50822373541351
43.05207274536065
43.07447600096504
43.250718617449046
43.901917379570634
46.91097143841554
46.063312930182605
45.762945551814596
46.579819164256165
82.64754748977003
82.10746540401284
2.0298064238425098
44.67080940117661
82.744682105691
41.75302957148506
82.79594575102679
43.552634852656325
82.74699967090872
82.50353254769969
45.899172076326984
82.69228225029377
82.61238173962106
82.59839547124173
75.72682395774748
81.29255977521251
80.26374526161746
32.65660317572999
82.25788553776614
47.225493579258035
4.979281646953923
82.62634768971085
77.30484956390251
82.90943613771158
82.96398484652474
