0.0
0.0
1.901132639035241
2.6223111311927236
6.498456515536476
4.501270746771985
3.6762066116526744
8.426653393010813
2.504060701453846
6.560837024839202
9.478524322835
2.477901993701805
3.408944960577685
2.651655952897452
5.579266493215735
15.023467074228783
2.3095277852652942
3.310634473140629
5.2304573263547365
4.568277860305356
4.143595629141238
5.227156184689487
10.12663477235239
2.465669058475848
15.025050932999067
11.437866474200357
3.300643128511512
6.073039005012483
2.7174294408648807
13.548248256888812
5.641680913361575
7.566941180545889
14.332525066008019
8.325435016804962
7.036349044296948
4.59583472495737
16.241769929747974
5.35780195271578
19.40894936596494
29.713708278339965
10.262275534918135
7.776336010775243
20.187426734290064
41.06265908491137
25.72736850895155
37.075059842418106
42.859942082242235
40.73836998132106
42.14402793491014
41.44910997247737
43.38141527704276
41.51127204645829
43.361000031936136
43.38489613986929
34.75176149253606
42.909152748800246
42.906052933207725
43.6460078785527
42.866316318403044
43.32199915771171
43.226210382221936
42.94451787318231
42.7616269924665
43.62296322927939
44.02218080827815
83.17506884087913
82.90049870683225
43.68875935984821
82.93190079530511
83.1648447146433
83.37326525114212
82.91419767744154
45.84024604800186
83.48190759967073
83.32147943700892
83.41799175329653
43.41110879476674
43.722210696672654
83.01903638572031
83.00519675958468
83.08845987932654
83.03872854436152
83.01967417164973
82.89926488529818
44.84898340617662
82.9759024404375
63.95230254681521
82.21392570549416
83.32511984306812
83.32158841015769
