0.0
0.0
2.184112830788203
9.821401638257141
4.788112560989346
4.831041099161017
4.130770207069274
7.1386835268272595
11.37650454030461
3.39457231035145
5.662671182822628
3.3211552745964457
3.699722752169883
3.150269771301197
12.678615937698153
3.1555331293616056
5.655667453193627
7.70964520496671
13.14358137786424
3.16263619445806
3.887962414957557
4.931171983661436
2.719073275244099
3.07242786565166
4.379265798050605
3.38167582663263
4.963346436547899
7.844348562434557
3.605322580565155
22.11664656162331
5.883210135091335
12.042303334901163
30.87342712764717
6.107401652047391
9.90801929515538
6.529024215971859
23.55081745137005
13.84609512641762
6.260850775907572
22.92362977880637
8.314974608895538
33.9368821019161
27.607679063920052
10.13581967492589
37.1139410864162
33.87677498969437
36.541743792755405
34.192982816573334
37.11077054505226
36.335952541282076
36.37809075227998
36.52659502100251
34.7084851131753
38.98127297080158
39.321286834505734
41.63700501493628
39.84738021551639
40.434206514605116
42.06916321133959
42.35372117957674
43.097618504908965
42.38023024062159
42.60451088062927
42.55902225585025
43.14523087032724
43.087673956276845
42.70967336403909
40.53684608972225
42.82779706727868
43.03483228543362
43.17484807369663
42.632783701058095
42.888441629936544
41.334908948574174
42.67871662977705
42.87381187413298
42.914486468163304
43.365524476081724
43.30637628204616
43.20548590927812
43.3165536722907
43.48904328951585
43.3584880986453
43.05958617346632
43.04671998334388
43.357749915765446
43.51057104370398
43.22671880396682
42.38990689886228
43.020125758319296
43.41977727090136
43.08247903771511
43.821631189278676
43.75102759652116
43.16364095665332
82.9013297468351
41.412702615839684
43.62110657690075
47.05645180277557
42.27650692324151
43.584242728726004
83.23840041203789
82.74566630750911
83.29015662389212
82.99151568434294
42.481738038465515
41.44681836671858
45.72562827984155
42.53502124743398
83.07717031162097
43.09829036245472
82.94343457455393
83.15291629590865
76.11628133011884
42.20818225620525
42.333343943258065
