0.0
0.0
7.992523185499608
11.844312181733413
5.056351456995149
6.770052523111523
4.448351092252299
8.771583518255934
8.297880833690641
5.612102320338425
2.1076874678885655
6.246074883435281
6.764277023688109
4.80539508156855
7.573138698915198
2.660050982950094
4.978222502672344
14.594681707305629
3.924747974849917
1.998174226796341
3.9608092848147036
11.10940844754867
9.819874818833814
3.0530816982377527
4.7018503770510796
7.1667716582485514
11.237530269691472
18.1608616813484
3.6447961815963965
24.42525598457892
42.56410383755928
12.409815443262218
9.938201255387494
7.824174271158713
25.754144618346327
10.368709356797737
17.877971996426883
8.04132100181825
19.114859459641952
38.90823224798769
39.22067793348931
43.437086348846094
34.89059543287915
44.02648230327548
43.36239555085646
38.79674605180763
42.65165258795546
42.31644113895008
36.03755925643604
41.47927967984412
43.71794382065298
33.32239453939929
43.66114304501693
43.4412657017682
81.90497456992183
41.19858569803412
41.78360936450942
41.58345844767277
42.893053900416234
83.00070233638225
46.56694075313745
45.55740377762852
83.43340414480927
44.96905656793847
82.97015200246622
83.2065766121784
83.28694840162606
47.856261912682456
83.18134806946829
83.22008064913304
83.18224872171642
83.23145603446405
44.029368423890496
83.31467459612216
83.39921772726964
83.38555170416366
83.14766755062054
82.46879577453687
82.97293039251215
83.02330764668704
83.1952201652118
82.74887414598858
39.834067149225945
83.14959051106803
83.15193700570134
83.18993184133703
83.18917208017824
83.13730089034534
83.13988944927414
82.65528617087875
83.2341961356188
83.09898812074626
