0.0
0.0
11.043888032936936
4.2101751662520535
6.563930917362566
4.280220782785635
3.0412481200457715
21.978174861004867
5.086216253656643
2.6389121626503873
3.090480064514982
2.618892052473257
6.6230079438125
7.931588462544889
4.248541299149104
9.250970189889559
1.8798639610284735
6.770892175984906
2.2887364471009706
16.511805806485356
2.7174268175065026
2.037257697725938
5.088740067474254
3.5651385756698404
2.8039209655924604
13.322456292521093
5.504293185379052
2.8536474112828687
1.8062385167741766
5.775656566170854
4.615296995388959
9.40344025832479
5.3246053972322995
3.051797904375424
2.8198912252874933
3.23123440309499
2.056460488288881
2.653857189858252
3.8669171740633415
2.2657541989825365
3.0095969177514177
12.845446593525745
1.6029210552577569
3.008387746678474
2.763535063560179
4.462392140992201
2.207424443840917
10.331261961315505
2.3141907703818045
2.6344704408847077
4.566192237246846
23.335554347031803
30.484402979103717
34.901609856384226
9.658813035227551
9.863840811362246
2.763997055025586
7.616047651712873
15.260607176333332
1.2246585605113613
5.0071230265254485
2.4677766009137287
5.41312857344184
4.00995839293371
2.842106804877876
2.2155397651211324
6.17056040235697
1.8961510362452125
4.377088738216488
1.9347135068439791
2.9965270348581567
2.6539597022247183
3.4619302341766445
1.8222760033735679
3.4586072489887156
3.3809915950873304
4.281264400880097
2.110736674586228
8.445279834598693
1.8820730464380033
3.608973317792486
4.877523532321831
6.114860418604601
7.541314767474622
2.987631321776825
3.296709775009589
2.631755918972773
3.1213149995423017
4.871436659871221
8.313822162186987
2.0130841927622947
4.684156921140663
2.728317718476017
3.8678940147524496
9.868675551684486
2.766605542540082
2.3496571456736115
2.2612851625972143
2.1031447395590086
6.166334697593074
2.877390316746112
3.345393800274984
3.848879527818084
12.343726465506963
2.9241310858603438
4.722024174964844
4.382228106994192
6.136879487319244
1.8046517233682295
3.2832056769697466
1.6269587239618117
3.374633978644853
2.05229543613643
2.913245247721771
3.072708243598584
3.6910680772930897
5.127977545414639
2.9938600132175175
6.216738969365571
2.9974690400691655
3.7454015438938404
2.5770853890549987
5.821274938950953
4.305556917204493
4.3796372299461375
2.3988470093272625
3.2296914695112684
2.7038319011705307
3.5605619700897293
9.815828403062905
7.6283533972820035
3.175611014149524
4.411750484129017
3.053954573376052
4.612953102722757
22.752980507212037
5.4057473096069435
4.983102381815221
3.7226162374942007
5.858177716103881
6.470583081684077
9.717500696297087
7.192956587981628
4.299424366054111
4.294395205136167
4.638382962778393
4.626695903876995
7.001873511320777
3.6833161424001566
9.564855785138745
3.2533668415549544
2.319847054257698
4.073878809640327
2.347621422682596
6.451223924532705
2.7729514428951205
18.719203671652686
10.146724030294335
14.783173238626162
3.7967811278533934
4.302563568364223
5.3301391139237895
4.824816017986299
8.583714156679992
10.493159186510649
8.24478281357119
2.280919434212167
3.874035358051398
3.978429071886356
3.3149301555011528
6.055886654071911
10.03693790838549
17.243956635068713
11.47519899207357
3.979935718657857
2.4705745089321542
9.630116980191987
3.76104569656512
4.152631406817304
4.864775852719279
5.397512736438678
4.682331148195818
10.917347475080517
6.2425438190728535
3.4484496626025147
6.3975798191534174
4.221951676223883
2.873773648230505
3.8817396306318894
3.2949342613581964
15.622799185830708
3.0469774461615713
3.306011808575253
19.915559174343787
2.5583413533006145
3.612311480176015
6.224252105430853
3.119758269735648
8.028561468140579
22.293898386852266
11.641217701558883
5.3311036237297245
3.5467037156932633
3.9936805684084877
2.843414203495709
3.7821445995343383
7.7449992042501785
5.819448460704865
7.059782493803088
2.894926437055776
3.9269172145162163
11.310726885962703
12.51456482353249
7.240945814438158
5.54903260628914
36.6791259187652
2.1101561335563734
8.27337832165843
2.554201022336447
11.40707820686159
10.31114627551991
7.962578790749801
12.576286742617265
4.3201669004427234
2.8865811909052184
3.020056573475731
7.187504086574527
4.794760882968017
13.380179931576498
5.629007978892192
5.854797466851106
8.039061675139072
3.7314950633841892
5.623614817763639
3.50191268556497
4.813989552236192
2.710609708842634
5.303021370616294
9.711770276228593
3.3309340044800533
6.145739861802268
25.177516250742496
39.88965620143337
3.1691262793149524
12.711731491890616
6.048121055339641
5.711166676083735
5.288966383379112
4.435668606966562
18.83931148589019
9.774297819635963
25.610202540050448
12.586024111106857
9.296207057166335
12.017016281602878
33.66370033754441
6.383995642231456
3.773716549416596
25.495761911841594
31.911274338128916
28.23644423229001
17.83929647379547
44.52037092829234
43.802558096765765
43.13550021717754
32.46283937807057
41.03662550688459
33.982622554455254
43.55661429928014
41.542641402347385
32.964703453044116
40.306313058702166
33.29625688978193
33.38368196011622
32.08751123544467
33.56037664270127
31.70783469769147
31.248895043978674
30.3449307305902
30.167545516085536
30.52908791124612
30.364796150848022
32.37202977109714
33.32596085634069
39.644113475889135
40.721872339014425
43.79582364749186
82.76330667047705
40.160663682260015
39.43127315432746
40.12698967765878
41.10822323998835
83.31577439779504
83.1896014617553
83.47472890736219
83.2038980527971
83.43763154406149
39.13472490834486
83.0369561433321
82.95011668756048
83.10024760118253
83.31497752784233
82.87688076283662
83.37463039592932
