0.0
0.0
1.8992618816009286
8.962493196857395
3.2709198755971483
5.505373143057452
3.1811666071819547
2.959597329892416
7.247822089320683
8.843781508864614
3.1697227563771007
5.866266420871592
5.046502988795914
2.097468770443023
4.9778669116712875
2.2898748022953246
4.212411785664356
3.3705517205733475
4.718696136754638
15.43448615870069
16.4712531714717
19.155530088792432
3.966825028463706
13.45440730767944
4.747778530403169
9.01227766338181
6.995298851862566
11.66885794306295
8.895584822475575
3.527316540473147
19.53188213443061
15.702265797692643
23.705015826914174
2.9640448349206747
12.215896624936113
30.19900320979887
40.44828205522684
37.542502642640486
39.280308683855424
43.30819495839898
43.415348158187435
37.60594172418133
36.08928954459383
34.250253370865146
37.079366452751046
42.22170602586662
83.07934173659095
39.131922771397626
28.72263692418124
83.13000684628194
82.87272995826041
82.82073662889847
82.57787222356976
41.83677425193144
82.71595277515537
42.19136203832143
42.13693184446657
42.62847423895918
46.119728230466436
82.88398619953546
83.07839636261119
83.00474364538857
83.08508822245912
83.00474511174298
83.03029578221512
42.50972691616115
83.04071723497171
43.121556223842916
83.04755842370193
83.03942174348896
82.57870649000814
82.92972223494324
42.780222941762446
82.71979452876913
82.60191909542374
83.03433084668085
82.549121328062
82.646814597947
82.79727037574673
82.89299120330809
82.96668668802636
82.57486189468094
82.61198350423305
82.82907905713517
82.76591921163113
82.62465941307093
82.73252785662685
82.69374953724108
82.66826523829316
82.88902584512918
82.87929036193708
82.63838138630855
82.48178008641642
