0.0
0.0
3.38153548086408
6.3234141104229
7.153320112568723
5.917330355172533
10.635030545316278
4.62213586344493
2.3872767557354604
4.550661349079637
3.057200439778688
5.024393744829135
4.226358670280682
7.336329701653218
10.391844955818582
4.606363469288078
6.556553778570784
3.654634420161471
2.107299919673666
9.306401914130191
2.9752788367584184
6.524246348431119
18.511509195740803
18.17013938015007
14.944718774592795
15.824157388226192
10.348230585787956
27.059456511650467
3.650159250762911
7.298500711716059
31.388984811941075
35.31096043282661
16.06913815429211
7.768058982115748
34.38753273087437
6.144245187445975
43.29041296336045
25.57292747448459
42.21079994580108
43.08958232666623
16.441866317009076
38.150579039779984
33.91384505026999
18.261798759501236
42.75478498056479
38.06344799805158
38.712778333832105
42.621045504314736
42.501583347430945
42.34229319829272
42.456816659741605
36.62664735772268
42.400545801752926
42.226881447406875
42.05962297445808
42.6765864439886
42.03344532169006
42.86567407489064
42.267205327893016
42.462178035561955
42.11698402641061
42.10138628871125
31.377576936562637
42.9475071203513
42.91166162689856
42.51081155453494
42.62590093860317
42.40167203575083
42.66172671779589
42.62127566324706
42.34124074960089
42.47320683546293
42.193663067849975
42.999811287002494
42.61775852302079
43.11081951627172
43.10099681271505
42.609471267648054
43.4268717196573
43.200416841472034
42.69945872190326
43.897018353848665
40.91080342604351
42.51343313479053
41.585746068931066
43.04002025265842
43.24431647648597
43.39515481269356
42.18160840545345
43.080880740541765
43.29084737273061
43.15650535525782
33.197019132132624
42.78173061891924
43.74108101547414
43.40637096294699
43.05293442044398
