0.0
0.0
5.269936838861574
12.309627168599073
2.597813636082938
2.778294868073452
3.9768570652168873
5.145327006040224
3.828833508359318
4.126188346951331
3.3905986906134604
7.333189797039663
7.95139492064022
10.871357764163971
6.464278482436925
7.603667471199987
3.611715100126839
20.117160390591657
10.662078325903565
2.8646486729565006
7.511473603120755
2.5636311259222797
6.030338982073961
7.545734928648512
3.952228120033422
3.2280622941416097
3.999736138785545
5.459973218871191
4.066939881674518
2.355230735741655
4.790997876733359
2.1141411039772615
7.995800432568107
11.673269855186863
46.77878504382114
