0.0
0.0
4.05627611792675
3.813284819557144
6.739331818474594
5.749282972276266
6.394191571173277
5.044530655038357
6.2163114338816765
6.379925349718129
4.46962493957048
8.260674972487358
3.189452963265143
4.890203155226688
4.49293099529108
4.688202245845269
3.1940455709387954
5.514122455879096
7.808299663476039
10.672835292319842
12.996030809309831
5.868073459183059
5.62649382052141
19.660691373772696
7.900766346948387
6.649267707050096
7.2792730114035935
8.973878365061328
4.318297841192271
3.980207763942327
22.445503000627916
3.007657571676386
12.68851484575424
3.578230692420779
6.219280185556456
2.476207866333816
4.66250600398095
2.7204540371724657
2.8864628659937828
11.303716375722068
15.511633092260189
6.49219417345456
4.208382344091052
3.1644762133624362
14.629493736123187
4.711088154101807
3.4064323388239206
9.517060817919257
2.352693795767164
11.933524892543629
4.511623894242514
3.094145026166909
5.429877944410642
6.501189898902489
7.159081775175422
5.583420985746686
4.407409829078679
17.728159624375767
5.464323607803489
1.9001835067567137
3.1008417419414545
6.007708949927581
15.418415802386255
2.045810433964077
3.1840781452967426
1.8186007977603191
5.564899113571293
2.701388663401668
3.882089753071964
4.678940618145234
6.817312474688415
1.7568729618068555
2.0582955975801394
2.420507726862663
4.101787106294028
5.647976456881219
13.687228859618218
5.3085706225508
10.298382513875582
8.05061970434413
4.713916447456685
3.640115132116789
2.386207591219004
14.40703233567375
7.558078490008612
4.08272924255151
6.9782447510895835
5.692231404602528
9.410104775391806
5.665434849242023
4.203962001732376
3.8536393567732325
3.821859253764012
6.493593371568228
5.769480001572677
13.213327377412659
13.61556614871789
5.2587489838206265
4.110658983057225
6.629068548560843
7.089242658438843
8.315507434425115
3.947866655919175
2.9714412224588704
10.849769145316806
3.354105242290106
13.64516501816511
8.367899042653399
2.19466272946231
2.9507037690891385
10.444102640246745
4.867389701550747
5.088875296540391
6.653142554131613
4.286168639079584
6.217530869007848
3.2814088997176154
29.269283305008656
2.0601104462882387
9.765121666801031
2.8414218008331122
3.743530861185864
8.178064042125836
9.393817397717019
3.863216680852856
3.1416505750301043
12.307743552492253
7.833334974600612
21.983604805120777
6.3121586546615545
13.413612485370848
4.426998951027624
8.00009918336105
9.42082374086233
31.53810003158118
7.578277589621519
7.623039992184546
14.082395855137335
3.9191413093843175
7.592017246132987
3.149274975480271
4.463981247537179
2.837589829321979
21.629758402383864
3.0320850102563353
7.0984010226705285
12.010663317880354
2.8628891221192334
13.208784526264216
9.126370080183085
6.750663024963918
8.818288050677483
5.512979130695191
19.437153719498024
7.822196399854444
15.839247279104612
12.597113274285478
23.17646941564465
5.640442720524267
6.479247351331983
31.727420573658588
4.637634611393486
11.44678068316533
3.699131889050018
3.334737864925274
6.959073895263191
4.4546595670307525
18.74390406530257
21.65157439732001
3.9483356209514446
7.048099235159529
10.201845347848952
22.760205982632154
8.09735086594817
7.520418613187437
4.912588477756076
7.356435756827359
9.60391089334542
7.335575682830975
5.076496321564679
19.34170921079303
11.529873044593998
3.3096002108709124
13.563937582276582
6.454033465601704
4.429944661333177
15.987262605733951
5.037232007352074
6.62723599045503
12.762495833351911
15.259066136382877
13.079855187401668
29.716085602651727
3.158264432181847
40.388654969031485
8.36210863312895
7.640455925637099
7.571298076533653
19.90110311172016
6.772544942425209
13.785243090164583
22.03516149205294
3.3664258214752856
15.46041518799686
7.875731222842379
5.566430404910396
36.5890592714004
14.720670658450242
7.2103705301959655
11.699585313132921
9.062035452197405
11.873219011194315
12.89835803821882
6.48525539545693
6.883149234466032
17.27601580788157
6.761785791832703
5.595532502956671
5.548319558546908
30.076157294644343
31.92979219257583
12.195531069187025
8.258709748153345
20.67828505240077
39.22321230659486
9.345588614189028
6.96232337545723
40.3359606958305
39.3474439251345
18.472832512536662
29.90389565249661
11.062116080475018
20.659833395489056
10.348502599200753
8.773695947887527
22.814332198086568
21.176078579571012
10.842203066052813
9.672944465595865
24.105215834152187
21.61631026618599
31.52036239744291
34.462257944909105
13.2285412345139
15.64441201715104
26.68109988848954
26.67565126655123
30.930258683566496
22.531980530904445
33.8140520375694
7.028768484795856
28.43067127823589
8.89157530150896
16.53979879306015
8.132561087670364
20.817095849465446
31.29438986283525
31.607402162545405
16.747850108252134
31.248849217516938
41.080834497022636
28.320518165230425
12.913325053277795
29.683046215779196
24.946265628904868
7.065315961228229
31.65814314620396
32.94931713001247
33.115879507382026
34.78294014475117
20.896449891855486
37.18632485628684
36.147785997841666
36.04875859721298
32.28783937267952
33.88378816147272
35.250578008361934
24.950941512603382
39.88541882030621
19.068518785977155
35.28961003500664
37.90194680419179
22.919119389516823
36.25964841000143
26.556020958905012
26.513272760048928
17.96220936054499
26.295758608288395
34.56861027730679
33.830417035665725
20.627632390341216
25.230697940880624
41.429129662957116
32.70604480616872
37.76022924130026
41.94247803929053
23.197953330170513
36.39164963980951
35.06706499686701
38.238134583123355
28.9258632961464
36.03451064552026
18.273174481150058
33.070536325778384
33.142826990387015
