0.0
0.0
17.67740450831566
8.785944572311497
7.3325824831195785
4.37632491609399
5.878436295723248
5.207253342959413
5.3144905062900065
16.323875467013437
5.788312456576389
3.4908113583488714
3.7805467027974244
8.791165450263392
2.86984954751999
3.3461120816795535
3.347707686649222
1.9548703219664008
5.447039023132037
3.1880186567802995
3.6903304470396456
3.870853357193814
5.35936266114597
2.619478336846631
4.362117188189992
3.122838991929824
12.974557770083821
10.714014546204904
6.611447427341017
4.556867481925145
3.783874486641839
8.57951352996763
7.463044110171235
20.10945764975033
6.176330653506188
3.6318027183571115
19.25032061436997
36.984876742047625
17.543996376957093
6.35741561303825
4.168942369615663
6.1578855617178885
35.40206801848776
14.108758566765207
42.08630205921245
21.620530258337286
31.188372870769424
32.239128049664515
40.66831038450699
41.27076199426286
42.74392568612296
42.55520636840028
42.2423148200504
41.76813899609846
41.24895894549796
42.34311053335642
42.02825391376823
43.28296778974301
43.38389596397313
83.2056303572018
82.64765663306322
41.90146389638181
82.63595224112106
82.84064038071382
45.98125664205292
82.33512383199064
82.86011010201098
75.55904387052301
82.63376705083662
38.09220006620727
82.81965444404919
49.00076582368849
59.18087672731892
82.98467097772618
82.87769684412761
82.71765300165174
82.95833955356869
82.16409473216707
82.91518839003786
82.8639688696101
43.716751117386764
82.97232433895502
82.85998247230617
82.81490978532237
82.99427190448505
79.90422281300899
