0.0
0.0
2.7318818583393987
14.502944101139372
2.989405412477691
6.669290019051404
8.535175619306942
11.640813285350575
6.595828578837637
4.607338823559439
2.5087131345097453
8.552144282616808
7.873683543138667
5.7043761331271945
4.92355220178067
6.1402059783311245
8.931640680266986
2.871025407650735
6.047839758486377
15.273100549233554
6.586133665397185
4.695812643185748
12.254117804515111
5.353095728639301
5.875486156984635
31.449283355229415
14.850742401152868
13.962257770779402
7.738891727903077
5.727820423572326
11.217074347889687
35.30625635799603
31.98768902480991
31.04981287058911
10.812412337818255
6.9210641929455345
35.714248591020315
28.200208675748023
36.46218271456816
41.107296023872905
35.05633597889381
43.37248951389014
43.04302850930038
43.1551726235035
42.8439263556283
43.24930598829259
43.27839739121604
43.48602118100577
43.57377812338195
83.09713647970796
40.29260503343572
41.180657577396985
41.92418967300919
82.96581665885851
82.92400754848858
83.10507539193671
82.83426828823887
82.93730335302993
33.127099834117594
83.262049899931
40.90492756296006
83.34979209284889
83.2550281335667
83.33110301009218
83.42632395704341
83.56877500580629
83.42584512411531
83.48397380038263
83.32827840355831
46.79318589425998
81.99670539808878
83.13541340949524
43.80056528528152
76.44158047660693
81.86420514201225
63.523005036122036
81.66437890763655
81.2345832177615
68.46017044786555
76.24919824948991
77.06780796553082
42.695186967796715
81.79188855605912
81.48687221886773
81.45506927791335
