0.0
0.0
10.194303204475371
5.3030795752091215
7.908847598524375
5.296194429713281
3.6768538505518675
8.30131685243492
5.697427179356597
7.297667200080715
9.285027794249402
18.52426195153075
4.00430309198313
1.850705476220961
3.6633133213074625
10.552530796710204
7.922229733296906
2.2207178524956577
9.788877498946274
7.0560198573145865
2.4758004224001833
3.420100430267569
9.513073190924937
2.0746745609254362
4.187459466468185
3.765062004318753
2.8891834497902327
2.3454843631825883
3.0375289419998626
2.8199102660470348
4.724663917889604
2.8832479012828585
2.7098996254431476
9.874959077703657
2.793879711441049
2.416414733790547
1.6472323303681486
2.0927059710297375
2.0604960088903046
3.200339938068095
1.6149758869224728
1.6431964199312195
2.768610190592969
3.237759851182398
6.1244553531914105
2.779874657214357
10.052857541330164
5.095956467795101
3.75410150888865
9.460279383795365
11.246402490954074
12.098467738821341
15.554167227932254
3.851546356354647
22.938007134084785
3.3965303460360023
7.474906913527793
31.653562785525384
10.992987364800047
27.481236826160135
9.265982596961788
18.440768008024268
12.059279282399961
11.567314300057602
12.229931725939153
32.571614343025885
5.649428625570122
40.37967013038793
4.33644133590149
23.08780842142835
4.967983700182767
30.650912625875005
10.889289521127322
42.86195813466022
35.58143546219299
38.51444775858794
39.91105859851379
42.988972513068965
42.229979968594655
43.132117591998444
42.37484416175959
42.98861124365649
43.101726777506386
42.599012673093014
43.359730455493846
43.369149108826285
42.68399844886033
43.536670660833934
42.90494301506605
43.24359131596861
43.35983553804098
43.19254308330956
42.92744910755386
43.36754571694952
43.08407495832959
42.969948021776275
43.25008221076188
43.109416508710915
42.67693581880738
81.94403912693483
41.69281010929799
82.38341542205684
41.70110341346255
25.77211239298334
65.66466009954445
41.74053657677747
81.46239826643185
82.70236088968916
81.3700784050085
81.49860425576665
74.79957770144323
