0.0
0.0
4.117039159817048
2.6110032281249276
11.177710884174491
1.9082508827768014
7.716816493643023
5.021326343421797
5.833451082205482
4.309997349340417
2.966058772962517
3.382781907788725
2.781187942109774
3.6434376670579214
5.21516572175013
3.486744771252991
3.005475145125418
6.330075972039518
3.2910347154787143
6.6412291424992835
4.7245338578026495
2.823338654124103
30.085225921288675
5.551953322428422
2.992265349576779
4.978041293634541
8.836308065658494
7.573617989838995
2.8956744755358663
5.606438118994755
5.197085814266061
8.977641118995813
8.412984206659896
12.383119272738348
7.858941597941037
5.6243317844857055
34.66563885665973
6.673355934785953
39.89739086407776
15.132436557805958
28.046009493378044
19.870621354888797
36.117363087190284
22.319290217130373
39.0122350989355
41.0240101807029
40.98621887268442
45.88015374225561
42.4389087450818
40.33663785258058
43.27106649341181
36.10755845769615
82.18781966171073
36.702607876225414
36.195937495743166
33.47303636961886
37.70704830226023
39.51954452072254
40.207624574880455
24.55735564519119
82.07745601104739
57.020743238788654
82.7387009009247
43.32174577361424
43.23641022652165
43.29628406455573
82.76185916103434
44.911875513442915
82.9143736055165
83.14626791512295
83.10530979878911
83.00744580871597
82.9505236006414
83.10613303205359
83.05891646882304
83.00565715759512
83.07988260581035
82.88757256658067
82.9708927813316
82.91096976130586
82.92571498081269
83.01075016811042
82.87013934640963
83.24416247677362
83.187923946529
83.19728109255668
43.48407873664647
43.98069032782091
83.02456557388606
83.36292770960036
83.2870365862414
83.23216509880203
83.37326099828832
83.31025693733946
83.48232078037769
83.4103879459534
83.40709494773662
83.3795630400466
83.34730449778226
83.46188533755821
83.36872091841896
83.25953554775188
82.85513105315053
83.24208344953702
83.32156910737075
