0.0
0.0
9.753306087186072
3.900015813519997
3.1705007262442253
5.656087181668844
9.650154734151862
11.441120742867609
9.222587920844791
3.544198045939645
6.20836926928471
3.680699512978188
6.530196356550051
10.160284375531944
2.9751971590883626
4.3210936322318805
7.859747156732143
9.019968056135841
7.828067685399586
2.561533954800281
7.092334913777617
17.70439012250334
5.49972054247912
39.012807775684216
28.47626344094583
25.630970862721338
25.71995376197475
27.234821757661454
20.69040770345473
27.011677380106438
22.11185068312004
25.051251805846427
29.76653049109811
40.25715526450384
19.11005648508761
42.11550709240615
42.97949944904209
43.08028427627763
42.534806338581255
43.49371184485466
41.92245566942803
42.661645184790146
42.45548526407826
42.665798175667845
42.709080526013096
41.303565189788465
43.354479488247314
43.68645881484953
43.651038362417104
33.346803150478216
42.45246513289516
42.01194880278112
42.06467118798005
42.35000573750779
42.097883212933844
42.39796901371351
42.4113012354336
42.093388108506154
42.34080008223917
26.410725962482505
42.591710739190525
26.860793177825155
42.74125584756683
42.96121829708777
43.22612379444358
43.2695907091695
47.14684988357301
82.24646571205517
41.50438993842775
41.70842475458728
41.735181023445676
82.00188678524435
41.658980526799546
41.75201627241788
43.09189157463057
82.06522986954045
41.74693297457184
41.605589078399866
27.935206486323924
82.08367486209723
81.18242128823303
81.91407876772249
82.27090557680688
82.02299164987646
35.23728157046942
82.08197039136877
82.33429576057328
82.07157433042872
81.47705166722501
82.3538965361639
82.27791039096353
82.35851320251848
82.31071475951504
82.21552234882392
81.12803799946087
81.99611061568501
81.26370376113064
82.30624356176345
82.60665359534435
82.53389130493264
45.06037455144132
44.59581442089247
82.45525087480313
