0.0
0.0
3.095580784703906
6.405202002242199
4.197944035858841
4.310935597903836
3.8262545363634377
4.1942331026881865
7.694651691649447
7.260928649521009
7.674598735321434
12.454058043302176
4.179994634024315
5.760221958458934
5.191759795532529
3.084620309656247
7.291149066763187
6.168855730322992
8.271415753729816
8.763750501697901
5.423088961733083
4.538355583071284
17.32699492636263
3.6617568264769917
1.8749086249680817
4.327714837071009
6.036608669986769
9.28072685459511
2.9713863429571283
2.3179583657996607
2.0305254477135386
2.145032086912629
3.3006877578165317
6.874159059424064
11.675939322882835
3.0448557281298694
3.7843245505521272
12.425734406222386
28.728192057853754
26.58535551664918
42.61236519112709
35.905788037127486
39.21480767503151
41.56751648348526
42.85992758747514
11.863860183664437
35.99735533803271
43.14027523321367
42.35527021962538
43.53758491747007
33.73557629532877
40.37950511505015
80.37777961949983
82.8138461539972
82.74390947814919
45.49633650853756
82.38828739482935
43.12938443971656
82.86223264230067
82.70414498787163
81.70695302505828
83.06666112304822
82.9953677086719
83.07324527409256
82.57596658705465
82.83737746712745
31.381266325227685
83.30813428147661
83.17501302706715
83.38956384286064
83.14204275605249
82.94227041724456
82.96215132245904
83.02073186940021
83.12230528880175
37.973322633147596
82.59780007781619
82.6048862101319
82.6072618015414
