0.0
0.0
2.151314972988843
8.88005565193284
11.527356717944633
2.510217141939716
3.495827225062995
10.907233173758781
2.6652192079148582
5.150821685715507
7.0110592782300865
6.6563244653176845
3.5755813695724012
4.724218875239605
2.319522063650796
11.493278611721966
3.03150488439468
2.063837669485876
4.35262974788449
4.032216593003618
3.214630055232898
13.749785178104204
2.387526582757523
3.5469387572780713
3.9472876458947663
8.80286154090892
5.527786564530905
8.166996214444868
2.2202950107818404
15.842326761471801
29.224608779983942
16.05494327591943
23.213696042205328
20.38570110833016
12.627590263318757
34.98428204832131
35.94657527056907
35.157365998907146
24.6220768837421
18.14527680851607
20.434608166022997
19.331198095999017
6.935051862655798
14.49634145878554
16.666279132884096
34.01278541182027
8.141464085636267
36.65642447557264
21.78885267975095
40.41537201735282
20.338427376679835
42.5218932941093
42.040378976204984
36.93338105430111
41.433816656017704
35.87658327678301
35.556561778816594
40.72510881733837
39.91640870113029
42.654716576111255
42.189083291810135
39.1173148394038
42.71681397629609
42.666785482237295
43.145312394485366
41.10174422228745
42.73336681011981
43.1917748213493
42.49202181247763
43.35847821463777
43.95490197565608
41.67451690345806
42.93305109795108
43.46910828695499
42.75247759058606
43.44648143625701
42.49828001350788
43.28892771713785
42.73209757529867
42.22013530016657
43.40131640242535
43.449799434213716
43.35041767300205
42.44960839153806
42.91244010714536
44.427956934565785
44.12236031335228
46.56013390659701
44.704772743969215
43.19598927108566
46.03795504839852
41.6791447411432
45.17834338218889
44.339695922687554
45.55240152553024
45.33907239259065
45.550320835263726
45.76237134140517
46.594605796718
46.48150804762719
82.34969788736194
81.3262838619313
44.47903232752193
43.93475388182864
44.06322247570173
43.70483872763994
43.570932766007154
82.88754004459621
43.432328899144956
