0.0
0.0
6.391702367266076
4.7329144395652945
5.388487800081753
7.032750441413877
3.472487463910486
4.108533735738807
24.012127713851942
3.3089427523332584
4.373286930848134
5.73575910718717
7.123192660144501
10.412244078005143
4.710322848550215
4.032691824435
5.1062325973969305
8.867636638996888
3.4415530537238164
6.311580595902782
4.571206007000599
5.134893916781919
2.0483507514811823
11.975729659427309
11.498472735175273
2.845502525652537
6.310614907180568
2.873855129010486
12.567401431398466
4.91842425046549
5.271853590225032
1.960356010766116
3.1024841935241496
5.705516923992213
3.840127799967044
6.002768373206678
2.518255469457828
8.765493430816107
8.547186591720711
3.9400286335010692
7.984300489379146
6.583487403941281
6.323905047636012
6.543840361548068
11.09025239005241
7.100895609178103
5.5217797794387895
2.4273782380594904
6.404192327270437
4.350445684941453
3.5826198817394768
6.368596361912952
22.930714760290492
8.188656621304876
2.191223986751471
2.6071364745462824
3.3186260775457215
3.4961171031725113
2.8550268623719175
4.2187203705398195
17.61279790366452
2.7492317112350184
8.123647873040646
24.54021846702747
8.801036525273961
2.4349152976354156
3.6554530097989244
12.430224736282412
6.255562973249507
6.006795579042781
3.2011712475293606
4.506398107627876
2.926989870480478
14.810703988222997
5.5207745361320715
4.315594196042724
10.514195523984391
3.050521104769939
4.707005683141853
4.678328427762962
4.791399960394308
5.587121576986645
2.1749702066182763
4.6862449997862035
5.098778182073294
4.553636661158269
4.478392139426313
3.6399162771532088
7.07726513587537
2.4599414461245073
6.334997197995683
2.2040100166593755
4.5323257042018845
3.3734819956322726
2.7288637705711896
14.323538871508747
7.199027899302127
6.983161789860691
9.451600907134203
7.220475942741472
2.7250068789902393
3.076026277078917
12.656919020834168
4.315426692601387
6.5790672290633125
3.593296447091969
22.323543104726266
4.635744241376017
4.597538716681083
9.357390584981703
4.921106329115855
5.93840045003477
8.921352493269776
9.75629755401805
27.894074782756327
3.5520147782504194
3.737669742228806
19.701875346617648
27.95811092265944
14.370662061399782
12.881622973099864
41.05698117459291
34.4284472874233
38.776287183681205
40.80564937360945
42.73270398860436
83.49795903922868
40.90267200578541
82.50937617090912
42.476472895135984
82.69208095638314
82.35541586709833
45.74364648267391
82.39149790725077
44.82289688314684
82.5446903526358
82.39946296043863
82.31345078431869
44.79831361695422
82.57933857433456
45.72248977190277
82.66854264864024
82.37861310838083
40.687071957679834
82.56984602112604
43.36083061303676
43.27578987269246
43.09247518226717
40.377913771399506
82.70132594593808
46.97815558263294
82.81902689344541
82.89445835237139
40.85036646609129
43.32887300852737
82.83592880897395
41.74092204407
82.71195431638061
42.942167648990086
40.70922479677808
49.36474957369074
82.386296075097
40.096084375388465
82.34081136999994
82.54149162287516
41.84055296247765
41.90271218783971
82.24427003921122
74.38439032529845
73.65553080582143
46.7734563417231
82.56842655490811
77.35135761708715
40.741453004946216
74.3015254548013
82.73604764385011
42.935236105393315
42.41566789195505
42.539340378735204
42.660724089048486
78.771740263872
46.83172823798353
82.63827062920872
42.475710099938105
78.54711159386025
46.637353988832686
42.13448959026211
46.701095267415695
74.75011404016244
42.55983569807108
46.72964940005788
77.7991237669374
74.18354512369906
82.46940145372342
73.75667303662586
42.192086032276116
