0.0
0.0
11.15558483854179
4.35691059337825
3.104924556870841
5.754202443748277
3.89186974218426
6.678188661616544
7.836026074590591
4.8237440132629885
6.121324766753555
3.5511198165446425
18.861226873629523
5.700269470297106
5.023056793681954
4.582442331736706
5.965921108969134
3.63810551517401
3.1106223769489314
2.446156954691588
4.457532029097126
4.979620100546293
5.320300428992301
7.304913277431197
9.941185902330089
8.040369173657545
4.18053971371924
4.878354980346706
13.731154303755318
2.81181551587062
6.369956701932532
6.949165385936619
5.166980765747767
27.9460204443359
8.72202623355226
4.102658121241929
7.278439650266385
8.394067747426813
16.501600687965976
4.320648982454792
7.322364522899237
8.45180255194052
9.653167282539696
10.252684311084113
19.987797409610856
5.639482298532263
3.2141170104160035
22.32818667635448
23.20359155405427
5.90636748125605
22.553872937025556
30.532325503709377
33.498033278644314
10.693741533341404
3.2991881053806646
12.351061705292198
15.398999392930582
9.45442715537371
11.376498286769596
13.371411175271207
37.02632735609568
14.563408920874432
8.762329176340282
8.163080703665587
7.037918505001404
38.01082207089726
3.810088665073352
5.7006618710169645
27.172112444274855
37.415876205080174
30.93100696780322
30.842227998850277
40.187011716869414
33.760055964941884
30.8953731659844
42.14656996310535
5.829757256915033
41.99095236111224
43.4578246615083
9.684072861827174
42.27626666733033
10.682067805888039
40.319879673488174
43.3824871498665
34.054485549982225
40.32574842543871
29.26234302758227
37.50230681352441
42.41369877932899
42.79444146155407
42.31510828991125
42.44437152016698
40.48910953681147
39.9710348402282
42.37063590750535
38.90503302323491
41.9926131442967
42.834493674810936
41.44704655896484
42.3812046898944
41.412826991945416
38.51158760794394
41.57841022815355
38.54732616729119
42.385005502909095
42.685163116305084
22.055734680217082
41.98505490827588
41.322944290662754
39.01494428964497
20.60312629247202
43.33491773008879
42.26151845277679
32.7438644913249
41.59506494014559
31.799865023090064
42.55171479004938
39.768842435787704
41.98126313425933
20.335754640354377
42.93367086783255
42.8178074470099
42.773606074999826
42.63038784455913
42.717041406777504
42.710921986724415
42.089948359885106
42.96041317657989
43.02960737970362
42.90423631795251
42.40452782291796
35.81864634896809
38.20298543850381
42.485444305643526
42.7741427579783
42.45520946561818
42.4326810375233
42.43517815669089
42.83407332920168
42.688862151831984
40.07563084351578
42.812579093627605
