0.0
0.0
2.9556609980014206
4.74189925370517
10.720718351868445
2.389977950046945
7.250852110972143
11.01642448532712
2.56909529378272
7.132352351828615
3.368497989060264
8.660819920738474
3.7887224338929304
2.3197950755535697
4.831990352919043
6.681201008975491
3.875251363081843
26.39035488134044
3.3536050313622923
4.516850902504472
7.268877176215766
2.8890082000402666
2.8399859374624166
2.561825258817247
5.014404308903619
4.0716321114660365
17.42079703153622
2.7334961578860115
5.542515989297105
8.97515852887915
4.891643027199311
3.370218653187407
12.19771484480907
4.3905801251323595
27.820746155271813
9.59702336837017
5.408042193805693
13.307331603897884
11.592768527456842
20.04305869590959
4.266166343188149
10.657999288159992
3.8382305584301384
10.216216631246882
3.455949500227191
35.443015716700216
5.815010236782339
6.749888112179181
17.88574199580884
3.0083098371431696
16.427210854680354
2.992549449616824
23.19785562953553
8.824898682320356
12.335882512028768
4.196141835612473
16.18144320134744
3.6654052349542288
7.230393434451443
13.863080068428168
3.3829194878730293
5.447881805979252
4.314358703109471
11.676738224200072
19.151380328088116
19.148138241532916
13.292487325698803
12.214524587437923
6.279452778645532
6.879050344633258
17.12610773497361
27.558880453623697
42.46314420131059
22.374063061338706
7.023326523421376
10.846923534280984
23.001862736841634
34.01928957676137
30.521815332444937
14.57177225986744
18.293944569441553
15.650067248721276
17.369940099287522
35.894254101296355
33.4801224435059
2.5136586723205805
7.869294785530359
16.590303593349354
40.08033771872116
7.716643892327029
37.76110101985576
37.247496972741416
7.229518413425855
10.916300229637374
5.785576106507919
4.538036784088633
3.0408754453996036
38.46854466074945
7.670823034531006
10.497681659186338
32.55427047237166
33.039172891823
17.284219828063563
43.35591455577735
36.686682934867164
8.161836656042711
5.825885256639909
40.34134201879883
13.951916646964815
35.29981068035633
26.09620700417579
20.007922669550496
27.606116886189177
33.921328308620176
36.842403977658854
25.956760474714002
42.52688549755541
5.725256809067319
35.26579266545336
29.172695915535677
39.26239719207379
42.376909494615205
11.792873287417708
43.44195524503905
42.632153745195495
42.43170824958128
31.107470820085222
42.2319474682842
38.678494626615695
9.519504621803398
7.551484007251357
43.17627809295154
40.18597364301916
41.19667028525576
33.477102557473195
37.85082608475775
20.598358800254363
8.105740679655488
42.67251874943292
40.803260586553726
41.90120761851855
18.684807967596175
35.05288511221764
41.62522974326169
31.2292241608738
32.16070201141933
28.906940465027738
18.650641127233598
29.75315985323214
33.09312829898895
30.328100921584536
25.595398580014145
23.592403964127563
19.557500454129926
42.2293171582948
20.255271444123185
32.48797370252955
36.119677883371246
40.07113500871829
41.647145639426796
42.998165518920004
42.29841383477534
38.69633460420699
16.044573905761588
40.47951304085459
43.089308572927585
30.32843570817022
42.70930375910297
10.723440465238841
41.67365182077177
31.963652956425552
8.7053073129899
42.443472350817714
28.901174521669553
34.58539607323513
