0.0
0.0
3.234995932682613
5.1139117897922866
4.9012429044622525
2.9505553913267533
5.378550720550445
5.349428917790064
2.5662711531148057
4.043380778324458
3.0326558432387842
3.466378888902252
4.73492243981141
5.42086235727236
3.6682058320105817
4.311189579045724
2.691731200335862
3.2036634776064883
5.250090009424509
5.1920963170023136
3.0001945366496754
3.698681575355872
5.23646684775465
4.288402875214676
9.52810169867283
11.724291632094996
15.485624349979057
6.50936591154216
6.857825789978507
6.3999589635290315
3.96482013977989
5.591207523325775
9.771943406621315
9.765269297333862
4.812924011091643
3.0891935718880346
28.78727992738794
12.847221091820984
13.075242729660795
14.656776686460844
3.2468211658584623
17.811437562554232
13.571460519025894
38.86091324306045
5.591637552783031
8.295825925282369
29.589014823656452
28.37624968013679
30.623549495526824
43.71606999861566
43.07058077065545
41.57153707323703
42.80904369583689
42.71868273441508
35.97470888668193
42.874474214974036
82.49236578526697
32.537916992118255
34.59739762879322
38.1419875172853
39.6893513645059
40.12652791594576
40.77719658052608
42.092852786589454
45.513091838525334
43.31793875249523
40.505716988309004
41.20855849561627
41.23110276314676
82.77550246655416
83.14338430101134
82.26493698148263
82.54148430209266
82.79154193604305
64.11917593631607
75.45367843558084
65.77080276890345
25.44184178833919
68.4382668413931
83.02248314146671
78.89240953812948
46.19913625852222
75.7843639421877
68.38199040927618
67.82137054901078
76.7212982495042
75.97318378512192
82.74240065516048
82.56735237186162
45.73272681854855
80.66039425830014
82.9046514042105
82.90742272494354
82.92604185492534
83.05721518565655
80.95385990303421
76.47940472188982
82.94362679948549
82.91888378038105
82.99390075922959
82.74929876639334
82.65525856629205
82.76923788514085
78.56882305798364
76.24053426737099
82.61391599414242
43.42783549885444
81.53411150659603
47.818526981859215
82.94995552097859
82.96205776317976
82.31172444916264
82.33746412654301
82.86871753423887
82.8374919633675
78.13430784346104
82.86420023798973
80.35279391542771
75.6777392636732
78.12381982425711
76.25528614821806
82.18067233642104
75.87977672231392
82.90802312069248
82.94783669041178
82.95843314110482
