0.0
0.0
9.231974913172763
5.854528176264215
3.7246046649254256
3.092481119759033
2.8463122206752454
9.738581079318124
4.027014381020361
4.762166831469127
3.2367907044884063
4.209369019827111
12.315587509830198
3.1820823257981097
6.2832756905746665
2.765526736126791
10.091498305930335
2.828613771128998
10.99881612245288
14.874366427426619
4.361751351970345
5.435160080006542
6.462101493697557
9.531403653648889
3.7910307135268644
4.0558033822118515
9.667953286539898
8.697914105579656
16.592961787686004
3.592146789669228
12.046884111858473
16.2750116918739
24.28415533645647
12.624569783410276
28.856769774693085
20.202455624401185
10.159149907891592
36.236335058919195
16.29319455037799
42.1445968720075
31.078226872590093
43.178415777204776
39.005705033208045
40.34318813755714
40.50688912623588
42.00097696149787
27.122112089159117
39.08069894509246
40.764018361951244
42.262932809080475
43.64406433494004
43.440199601462545
79.0462221978297
82.39443763160847
35.075041908397914
63.80415584162641
81.36767232041154
46.461784948965864
81.94143260465803
81.57965041617669
81.70328442084589
34.36179759418921
82.21084517981514
82.47197299590415
82.49105583189372
43.07307676220064
82.54390494976762
82.10522995241833
41.90555363448894
41.87103524593099
82.22115350768635
82.42944137437993
82.5325427156507
83.00851245995246
82.78621746670223
82.87256378891722
82.90071282856564
82.89480472918613
83.06067387989074
82.89199370981348
83.003538496868
43.845936879837396
83.01635832159256
82.9355701684234
82.93970712106213
82.83521716038567
82.92137447869783
82.54623746461543
82.84942718417177
83.00343277040396
82.6866170810313
82.96449486159167
82.94594468742444
