0.0
0.0
8.966739470577975
6.527767782058972
3.2570362984674195
2.3492128977797715
4.136492421197206
2.8449141788505643
2.838417320589858
4.429641991633806
17.13476048468985
8.055410180640294
2.143958310902197
4.865890990173304
5.224274616515973
13.882575356314394
6.599660635181096
3.5303416108570937
19.29858345298456
4.164117712044398
11.91085510079349
3.9407135298998957
7.999998724751185
4.122906234842814
9.808275025362041
16.259783648831203
12.686289271462499
7.093627569543458
5.80048471779086
6.2898531420684165
10.02697895598279
19.31593715100315
19.663746488119315
32.11438285415743
43.148144399816786
17.114291024058428
26.56942919437376
11.176309223202917
39.8524792439965
41.39416403355688
42.147430125286945
37.636094025108605
41.293202599939725
42.598643086105845
43.922239725399244
82.88751951647535
82.85358448894547
40.867693580152896
82.31897542837247
46.98409019166465
82.88198721372807
82.5470876056578
82.51836518873667
41.862343530510636
82.51291952162595
82.66678416099712
82.49733985562868
82.47681444286172
82.79439652106001
82.81353880853604
82.90103935135632
82.53439228786968
82.84682676334549
82.8488119106309
82.72847263014599
82.79417916013072
82.57750036814676
82.82847271192938
82.8922792182401
82.83996905924792
82.71822625471476
82.97797579411645
82.58061312944434
34.583119101448176
82.96381500572231
82.91347618991189
42.15540181125731
83.04615506458
82.89245365873887
83.13183135568737
83.17861935989025
83.22079283448434
83.0992142328261
83.14148213418495
83.15282288172739
82.50989352754749
83.14757483385223
83.15698420932948
82.81017929795829
83.13527935261449
83.12900445601674
83.17884923537807
