0.0
0.0
3.5694684126470104
3.2276931508001456
16.209281863804332
6.37436309771454
3.47773433974676
12.486121315164553
6.147296643262358
4.199161653972259
3.0459785878828223
9.829283311161962
3.8662850435218106
14.024788173264067
2.3235572180249955
7.713975777681513
6.723717174942154
2.867646585219874
7.111711301609175
9.043571124615859
3.0595298907302095
9.694113174310612
19.365096363607698
2.693441664622937
5.76372443951844
30.235830952780066
27.456801005210355
14.892182377743612
29.38384333780833
42.90998492192131
33.301868109177995
42.638690345454116
42.502574374404226
43.360324183849855
42.96266391745068
42.25858341631031
40.00678783415635
43.46707000072136
39.78466141310739
43.60926878923892
42.92810777115681
43.51621784348785
43.72460421738195
43.89966139575236
43.986221865119106
83.34230351095104
82.7496187925147
82.72723038554949
82.67745011445831
82.58785425283044
82.60480203120522
82.69635899550984
82.41657936322966
82.51542181505079
82.6947605468541
82.80859357762793
82.78952508189401
43.657660777269875
82.45893903484972
82.59897190415684
82.50273078611255
82.62799445777544
41.91752979878246
81.70658855981446
80.80153001473772
82.78258297553626
82.75947655543163
82.70050214204765
82.7358559371742
82.85785721806431
43.43479532733135
82.73557230026351
82.82706830944964
82.84880072701421
82.69948056991063
82.70992928784796
82.35382657426788
72.26539406513956
43.45431940000865
82.54219245383129
82.80255607118892
82.60798233180283
82.62590556103153
82.48996833886304
69.23428244745331
82.62056315277093
