0.0
0.0
7.871109448906711
3.6891132135098275
4.579503386967402
13.861963596399553
4.514279359064385
3.4144753693440024
4.743601084021338
5.418248544687605
4.9021714513510375
6.899437286730359
9.382672457470157
6.096878272443072
3.8527935101576767
2.5061316038018666
6.296284361714175
4.830055261534696
6.878956777176609
7.415156150253509
4.712602662019565
11.79315561690826
6.238159305128677
2.813905856048061
7.092083384797741
2.8955412855654257
2.4369939400987626
3.850421282831543
4.404809225102613
10.931216485620553
6.229295826364411
11.084591318576066
2.412036166684551
4.005061960991581
5.922839732244329
3.5701762235585752
13.78428709940869
15.315090301367816
6.180750188826074
8.375958942211563
18.208187725380885
16.391876953270952
5.987138563757066
8.045024803163834
8.785006498716575
40.906045070333086
43.891866057196886
42.68625571001331
42.47063102974462
34.85586012115973
38.745334419251606
39.313109773388376
33.13536449876204
31.87449168456132
31.330334396652983
28.580176785379503
29.32600670842625
28.56736559389232
37.66498228455059
37.27937650016066
36.864822700325846
37.0888738978828
42.60322406802398
43.62446924891254
43.212181793865845
43.42635639983887
43.48484857533042
43.51740486942096
43.449728969093414
43.723144363806604
41.52921269870728
30.322309948245305
43.31128497342037
43.597136755989155
50.02181864548476
51.27209089929697
67.32240396772404
42.864690910824336
43.19470801202004
37.22365722101775
81.5287903243815
83.18625462605654
82.93179061528177
82.38945787590426
82.89270465377678
82.87927191354275
82.58536259496555
82.71044204738924
46.407339964366166
83.09525183592832
82.91306439836683
82.7285823273244
82.64633400224483
82.55222947042775
82.7265703342104
82.6408424575778
82.36525771636276
82.63951587404074
82.68985280617663
82.50494941650491
82.78248059482262
82.74333826781327
82.7934370572436
75.9118007905489
82.60999376996728
82.67150988215097
82.73006688880423
82.7932743759114
83.00149476195975
82.71053923002187
82.88274080858451
82.74716410307991
82.67146323676293
83.01389974520399
