0.0
0.0
5.522766677831745
2.9220696853855714
2.8720301009045803
8.159023668788098
4.208946706728674
7.680770379903601
2.2986880172120037
4.541011787761188
5.22519082314991
4.444403039771403
5.981856503009219
4.3309413629491065
2.5202226072971388
5.390953165026746
2.881827451922684
13.79681994802637
2.637926382600992
6.679019955339264
2.797589498559036
5.576862043367212
6.3267311364767345
15.61894814204479
4.76987554274907
3.6951515474448247
5.108456835908749
2.133493672884206
20.282189556175776
8.117277236983826
11.022343703273865
6.406740038348859
7.6590875791240745
13.127144170274052
23.638914459905052
2.8530786609065255
40.404150208774126
25.69414318976549
17.514195396774465
8.5399357926495
22.580230676352215
35.755037553927735
35.58042740240295
41.377304222393455
33.224929184113535
42.5046860670399
42.53076404040633
42.02018262440198
41.483927775512875
37.35922312367173
42.75990090711914
39.847555730665285
42.61758716837738
42.306674217164094
42.46172609871306
43.140410322127295
42.87875470279273
42.716451199816724
42.698891623785336
42.82522018760985
43.084212921229316
43.376340743126
43.1633230320184
43.497384723949835
82.95654636690338
82.95899286360643
82.46497882403047
82.93734136170356
82.91318415929163
41.94119072895405
82.10545100462652
81.76618915018935
33.104688045986975
47.84411485368909
69.47602770272042
83.21346630987283
83.16599525793642
82.92930794594486
82.95233431135235
82.81480697237363
42.55622807920269
82.61596468866668
46.345842351549635
82.9566445094642
83.12266517972628
83.10652958042095
82.91659589585909
82.89906289141749
82.83627750933893
82.75894124744622
