0.0
0.0
8.153600725642912
4.762788436056285
3.3094625913854827
2.268041457891672
5.89735360539217
3.632707890606495
4.503930333898743
8.319451964905351
6.4180164792414285
19.78477495266372
6.662981580123294
4.878211420917866
4.409010924916532
5.514201254401812
4.0668364033224975
2.936534516266509
5.866207231212309
8.456946350418145
7.468124006368199
4.746907694786957
5.148229321957526
2.281501094360704
11.388768529087866
4.338788801888751
13.60047347281667
14.224077083455954
7.208613849774972
12.44772132339127
9.930046438179636
11.693599799970443
24.691157519597787
7.995662218777256
26.337694762232882
35.206058281756675
35.68989772179372
12.182163912444253
40.32086376226014
42.25166978392329
41.388973952060034
38.90171886087041
37.97895130667771
38.04374556746659
39.65074221103672
33.84435418112134
35.50086549229314
37.6876802720015
40.40505103859279
39.26238285733436
40.22489637269855
42.655224363519274
39.34620644886643
42.47695986139475
42.537934955447234
41.761584265028006
41.05574024485816
41.45320659487956
42.259773092013205
42.304590595326104
42.17078862319068
25.431198042163754
42.497041820204444
43.015315870671
43.406631095278144
43.4010795733546
42.74647836404759
43.14853241389782
76.90679918582731
45.44349001570334
45.05255545200735
17.305435851729175
69.83847439027372
60.82453259997468
45.012115706652395
45.622086392527876
45.0046543677658
45.28902805388519
75.685347117332
82.18399482969366
82.70567047497099
41.481841045057955
41.51096610064658
82.18724956375983
44.50057123572676
44.78626950775371
41.77559407655099
41.780417739093515
41.55990556964872
81.46046096361256
41.57201480145215
40.22805350353118
44.56822201349108
45.062603477078774
40.71435498795348
45.224651682177274
82.64376315143902
82.40866148626449
60.601393828255254
43.27269155388155
43.41077260498578
82.16731867245664
45.12466580580542
44.7326976156931
67.93420770139151
82.42605874619578
45.10527134642877
82.00070250198748
45.18350894502338
82.6100170598589
82.52806071125909
81.13221590849027
82.36909461237993
82.37590566260108
82.32115185315662
43.395110310810374
82.32007276945954
81.64693672176675
82.5977722592586
82.10677736700544
82.33505139472963
82.47605299829188
59.31555569847702
40.736607448421
28.19027010064735
82.00762710781208
82.29684301856204
82.17149998069739
76.79859171459152
81.83406166024375
80.98630231217922
