0.0
0.0
3.797918121112936
4.1307068113817085
5.297084199205375
2.5140221174757893
6.009837075585674
2.0598688961710927
7.421100134787049
2.6111055210950886
2.3130447471669653
3.4531248248551103
5.841783460531465
13.09011965888884
4.325308176048809
6.559948877768098
4.354973021428395
4.902496876841955
5.8250171412386855
3.570671353910393
2.471710092217628
5.367054302527288
2.566863688997804
10.350459948861385
6.147884577680168
4.050886918638569
7.0901503804466115
7.8478954507572825
8.722297449458667
2.4512131671430395
3.3157747868620127
4.3610097207202685
3.3797122225564262
3.805234387525861
2.4129143865665346
6.835867298898697
6.886874119979963
4.423829758528554
4.337693496889582
14.354582180700564
4.7242751047397595
11.160553503888698
4.970129052412657
9.104225767384685
5.62787202785293
3.503076364835274
3.9831714433676413
9.864308811445786
11.63219562835566
3.3467796127811424
8.403632617205389
5.477082230859172
4.488543698491823
5.819088568667742
12.184132013293775
14.857023652891995
3.159830068189455
3.7443365190144235
2.348921082609812
2.1249546962998562
4.0098565844713345
7.477872239352833
14.091483241376553
6.89876808272294
2.6719544951297163
5.516650930361747
11.169593838164934
4.545875322014332
10.754180981762866
2.2924356745285808
2.3725125371658633
3.732168626674686
3.2148907595747827
8.693274166232804
7.188499437842508
7.3775400115392085
8.982869292603105
3.5331092816070115
9.08554318936558
4.48493910060198
7.71762696882818
3.177883464448308
9.37585024447391
4.479609530864898
7.633763749638292
2.894563424454371
12.09667682163438
5.055645809257527
3.48026788066737
5.869229092877797
3.782442852535422
4.920814162789936
8.383417063775726
3.186129949062427
3.2658280401466735
3.2133332503883203
9.917285146799925
9.182740956567764
19.093619270573498
7.259246138207692
13.544833585344609
7.613307867571971
17.376791325701195
7.475797513266643
4.220449415669194
10.180511992498953
3.264262589983446
2.4568233385168994
9.696191270549525
14.062112425790987
9.06273833979875
5.101850869297239
3.9658620178743913
2.283321514384841
5.872179832300789
9.822864896939297
6.78481991993209
26.50263826614212
9.158631678745646
13.770221926591375
4.658868272184837
2.866050025320548
9.302586150631459
6.260905794940571
2.7360693550903568
4.3667023992553125
12.531747283048487
10.118958191002811
7.926452633473724
6.696691138709434
17.966785916793274
15.526706007166572
4.382385847471511
2.2764461893783126
3.1599502302561007
19.038782411651983
12.918745662303188
9.707427722147933
8.297610935394074
8.273638441383492
41.574298065370726
4.616934497715018
6.209653805062218
22.801181066106984
12.479076173638942
14.225360519905387
9.681301684704142
36.74761866168764
3.5673349044228884
42.71659086641817
39.95291460326054
42.81040442943831
42.626170094616775
42.81348796036034
41.92005992024954
42.232697918116315
40.66240837203121
42.84022558787935
42.66577187533244
42.384804458203035
42.64894368702064
42.924297702868635
43.083166161949144
42.865624966263034
42.98408408925853
43.080441420817706
43.165829056438675
43.309177227398315
43.4397454131432
43.22363851662708
43.41199077154701
43.57187203468683
44.01422253546084
82.84964034883473
31.712467491163416
41.610629515789306
41.597427225490236
41.874191624566286
41.74093392498289
41.23106153696922
41.24761125308917
40.29789695324037
40.67417552925798
41.42544214308156
41.0398875488822
41.14471977416982
40.64455018086514
82.78024926512975
82.0851189286563
82.81014077355364
43.6429703936807
82.55907581146856
82.58884804148065
82.89824917044635
82.82943088834408
82.8302098209313
83.00173807799092
46.74882231999061
