0.0
0.0
7.387537687665421
3.4194729633979017
3.0722172582810647
2.3995089209653866
3.2713385782248583
6.482396587385584
2.3364151986543793
3.5497567018682536
7.361021637874148
9.54353453580399
5.2311386440104926
2.768958219920547
6.307806340599653
3.075423018336291
2.3129434638493156
5.854990965855107
2.3283004537946717
6.117890001862554
3.7926428656260307
13.03032020999295
3.8449625630212334
2.381954455179939
5.840286031655109
3.1291647738963446
11.626010524751019
7.487176738889226
5.068421032200779
5.5149783786659725
3.613466100774055
6.642534020634269
3.2688218305020875
19.393439915859854
1.953756779661652
6.297732474195819
28.133780952508594
8.587904030980534
8.371021266132217
2.429321033009496
2.8362572284224012
27.291643216843998
6.213956628350292
8.47615923189262
6.981335445644558
2.5954114837634874
15.983125375714579
28.01673304418305
9.712258155494869
30.555657621936582
23.011975352521787
13.145416617294194
17.526345828106475
20.260335872866495
34.81924789340067
23.27571203765767
33.138050708268665
33.701130340373766
34.530099658262344
35.652389434632894
35.921944939693205
36.303561326896215
35.06606196979612
36.24607779194688
36.58703727648912
35.816037335060784
36.8249880845243
37.513954889189094
37.82457773820097
39.17306364472208
39.87882919931267
39.99773715072951
40.00226133280538
40.684416913475644
39.40690320830259
42.448878049995805
83.4075889901354
82.9841430601198
41.84869494446933
83.42737463189532
44.84967894407138
83.3045271992367
83.22103247574017
83.21872488148232
82.84360926830281
42.96049748942755
82.5731695943762
82.65432697859025
43.22398415037947
82.85474538068338
82.9684780216271
83.00991624310726
83.15774617629906
83.06974792245713
83.21327773953307
83.06752998599161
82.19840051831724
82.94783060956307
82.34646424535416
83.02833553647747
82.92164559450632
82.85189709243784
83.0186500490849
83.03974789800108
82.81220735904688
