0.0
0.0
3.963358111699593
4.422939590762948
3.9653557856909596
16.77569863829459
6.326668821489533
5.53299724933181
4.913166007904184
2.5432725112263412
5.617348955000276
11.646209054552532
4.473489443601817
3.493232655432396
5.81361637982862
3.3301240658878375
4.497298367172662
4.569829620377574
2.729452760021992
7.564527852915954
5.8724511446422625
3.62580838216125
1.7542792512339684
5.157189135047286
6.100369501363716
7.129399192888815
2.469682128876171
2.222881490221417
6.302216731267412
2.450676612444774
2.2127962942786783
2.817860889524288
8.377750663603827
5.991023420317894
3.6480664669925917
3.610821757842841
11.913665960302037
5.0349822308877155
1.9045657723683385
5.0261408126708425
5.264169524284944
2.125620116980266
5.616016182557542
4.656831801144528
3.058829049698423
3.17564721674376
1.396287297059409
2.1630029901104884
3.646922509197468
1.5549202008907772
2.656239578774382
3.1685936540664743
2.5276364866724625
7.9297495741434725
3.606269508137524
11.681804831025033
3.888593691071292
4.564024196534461
2.490184818462468
4.245407984246066
3.1480434920352773
8.952890629422058
5.434124872287045
2.0548999703033166
3.2588346588712023
7.053613295473539
2.9347641194436687
1.925196779018134
3.907207107434016
3.6996027725120815
9.302922639947843
6.45500729042246
5.567854235890339
3.634421048674973
3.347207373881425
2.7851428845525805
3.1107736403565562
2.3890512671002213
3.5869394563592185
4.634386480224917
1.7955445588888652
1.9610289738489224
2.867956617311732
2.2340030765143375
5.667196599451627
10.58142192944757
2.9825621118264523
3.9767326670604217
2.4106958175097146
2.8207253671641617
7.116562753829469
6.016598074778835
4.535818097660851
2.0640775105008853
3.437241892562628
5.622117148028677
2.079958625317394
3.287729885553302
2.867935991800567
11.618764072656935
7.099004243822603
2.4345449931871084
2.4544530003559957
3.6706985448092118
12.898850109078417
3.9223242130388405
4.451288113585279
13.032186541584567
3.7887105456449337
3.4681982129104574
9.854672278324264
3.1316508222906623
11.751786501345643
7.817403040367929
4.190833694329782
3.8086230609132965
7.656364613791781
6.814205912536947
9.697280677634291
10.276571191098338
4.753527144421161
3.265132805200048
10.879866819930719
11.0997060363776
3.0607665659015533
5.506114670138612
3.155128987815323
3.588742443053256
6.8654527539830275
2.758840112008572
15.64422029874121
6.13724315760591
6.0836733088871835
2.652956120479774
3.769062197077751
5.715792660085706
5.325676989071118
5.049355834422121
7.013437599661978
10.269745326115455
3.8456414466762077
6.010651602615945
8.375945561606194
11.264299267401482
3.043884314219513
4.423973659194332
5.81007801595904
4.767424003028839
21.059044138118654
10.881135416038598
10.895272088888882
7.2338430818316946
11.304710768443986
2.5411892642076928
2.88874410663253
3.3146234844988784
20.31868796690691
7.172010641202781
5.4677530145768145
3.5952869470536286
3.146989752342072
3.27173939923151
3.037807117276822
5.867492239177669
3.333189021239934
9.365630074574629
14.277309309156275
5.893100642631246
2.4333618001536403
11.942658614337883
10.36874084825602
5.103734720915066
4.142471509850692
1.8044784206183129
4.109228299166431
6.86433787752464
8.706628432183383
15.092101419282537
8.667369528205892
5.9492303028951365
2.871605052773376
6.75797614285007
12.55123321819719
12.15277320113966
9.930489450214084
3.3691416459352475
3.5476120327955303
6.127105974946593
6.499622129628997
6.393872127980933
5.828358069134973
3.014836805816062
4.234935780561664
3.0459459901058037
6.6147327892510255
5.423232173491925
16.161047845787056
3.7985945238535876
13.66913355397811
5.0343141083416105
10.671707091027798
5.860022285055323
11.792992423998923
5.947086310139062
3.9088206966662766
11.801991745180242
11.67152018317115
3.7661381595410215
11.23477708209278
6.801013933314536
3.456785154560238
4.224567576816693
5.486162085667724
3.99152408453176
4.21226647738603
4.924848731375783
2.8533537955424277
13.966374295699216
5.245690918374582
5.426416738086131
6.508914627619166
36.17789058225534
3.4660250056835453
14.041926528194494
4.3057225652375415
18.091672793248375
9.51266473833934
15.74528935684368
6.046476662684383
4.9073364150426615
7.1687434562343055
7.331804738515858
10.952020429594755
7.748205148515879
10.84576717598311
6.038228285669191
4.376280137104396
10.733996262093315
5.143719773942993
13.267773216791717
10.6936873046047
3.439636443867477
5.660558969368048
4.132747537540603
6.576331062663287
12.57114294570064
5.0240553525287615
7.182300078361092
14.016091943549295
7.206776751204408
3.895846456614186
10.91899347463023
32.06355615577708
32.259126158985346
5.209866162897459
42.26919424233447
30.08871402234492
37.92656695350953
36.43710450381627
42.330736570738324
42.50365685627689
42.4916578030577
43.12064937621364
41.62034955061054
43.239064807333534
42.907117844294085
41.58909473241625
43.05618948310805
43.413701723503436
41.91960676306741
40.47738708078693
39.88067625635466
37.705122272142454
39.060549427819936
43.170527902703405
37.931388722404805
36.26457772465407
40.093190938903874
31.19059621595471
39.670004214434464
40.011558703042034
39.553169603770726
39.211426980310435
49.33056081538368
22.601336159687367
44.115659613760485
74.00717327381763
48.028768477347924
43.616055866692946
43.36348551868228
43.507406175368466
47.87644815843676
43.424628972050314
43.42655467873038
43.874550122797174
43.76046028551296
43.488740702883184
43.41921389648724
43.454861175701495
43.19609865907929
43.13540713135366
43.48908860647244
43.48592318627898
43.26786916367736
43.58674957183035
47.852858063300395
43.60124113411875
43.608106617453274
48.33497764122854
48.25345711370347
43.9097586880748
48.153087326635
43.471678487037515
45.763106783936834
48.557304987836474
48.505222090242796
