7.427190999999999654e+00 4.373940400000000039e+01
7.427171000000000411e+00 4.373949400000000054e+01
7.427198999999999884e+00 4.373957500000000209e+01
7.427271000000000178e+00 4.373968599999999896e+01
7.427338999999999913e+00 4.373976400000000098e+01
7.427551000000000236e+00 4.373995800000000145e+01
7.428627999999999787e+00 4.374101499999999731e+01
7.428702999999999612e+00 4.374109099999999728e+01
7.428814000000000028e+00 4.374111400000000316e+01
7.428949000000000247e+00 4.374108600000000280e+01
7.429043000000000063e+00 4.374103000000000208e+01
7.429110999999999798e+00 4.374094199999999688e+01
7.429124999999999979e+00 4.374084299999999814e+01
7.429128000000000398e+00 4.374076099999999911e+01
7.429139000000000159e+00 4.374069399999999774e+01
7.429194999999999993e+00 4.374061400000000077e+01
7.429260000000000197e+00 4.374055299999999846e+01
7.429381000000000235e+00 4.374043000000000347e+01
7.429463000000000150e+00 4.374032100000000156e+01
7.429495000000000182e+00 4.374025499999999766e+01
7.429535999999999696e+00 4.374021599999999665e+01
7.429600999999999900e+00 4.374020300000000105e+01
7.429675999999999725e+00 4.374021900000000329e+01
7.429731999999999559e+00 4.374026099999999673e+01
7.429749000000000159e+00 4.374032100000000156e+01
7.429712000000000316e+00 4.374037200000000070e+01
7.429617000000000360e+00 4.374042200000000236e+01
7.429336000000000162e+00 4.374067999999999756e+01
7.429295999999999900e+00 4.374074199999999735e+01
7.429294999999999760e+00 4.374080200000000218e+01
7.429317000000000171e+00 4.374084799999999973e+01
7.429346999999999923e+00 4.374089099999999775e+01
7.429478999999999722e+00 4.374094000000000193e+01
7.429682999999999815e+00 4.374097799999999836e+01
7.429794000000000231e+00 4.374100800000000078e+01
7.429908000000000179e+00 4.374104100000000273e+01
7.430066000000000059e+00 4.374108100000000121e+01
7.430238000000000120e+00 4.374108999999999980e+01
7.430329000000000406e+00 4.374105699999999786e+01
7.430362999999999829e+00 4.374095499999999959e+01
7.430330999999999797e+00 4.374035899999999799e+01
7.430203999999999809e+00 4.373974599999999668e+01
7.430072000000000010e+00 4.373935600000000079e+01
7.429924999999999891e+00 4.373907799999999924e+01
7.429673000000000194e+00 4.373875999999999920e+01
7.429382999999999626e+00 4.373849100000000334e+01
7.428963000000000427e+00 4.373816000000000059e+01
7.428361999999999910e+00 4.373789399999999716e+01
7.428003999999999607e+00 4.373776699999999806e+01
7.427313999999999972e+00 4.373753399999999658e+01
7.426849999999999952e+00 4.373741799999999813e+01
7.426165000000000127e+00 4.373730100000000220e+01
7.425723999999999769e+00 4.373725100000000054e+01
7.425489999999999924e+00 4.373721900000000318e+01
7.425449999999999662e+00 4.373716999999999899e+01
7.425447000000000131e+00 4.373712700000000098e+01
7.425432999999999950e+00 4.373707699999999932e+01
7.425403000000000198e+00 4.373702800000000224e+01
7.425303999999999682e+00 4.373700300000000141e+01
7.425163999999999653e+00 4.373698600000000170e+01
7.425009000000000192e+00 4.373705000000000354e+01
7.424923999999999857e+00 4.373705400000000054e+01
7.423689999999999678e+00 4.373693699999999751e+01
7.423077000000000147e+00 4.373687300000000278e+01
7.422513000000000361e+00 4.373680900000000094e+01
7.422356999999999871e+00 4.373679200000000122e+01
7.422253000000000434e+00 4.373677899999999852e+01
7.422177999999999720e+00 4.373672299999999780e+01
7.422060000000000102e+00 4.373655500000000274e+01
7.421960000000000335e+00 4.373639200000000216e+01
7.421879999999999811e+00 4.373622900000000158e+01
7.421845000000000248e+00 4.373611300000000313e+01
7.421808000000000405e+00 4.373591100000000154e+01
7.421804999999999986e+00 4.373556500000000113e+01
7.421809999999999796e+00 4.373547899999999800e+01
7.421845000000000248e+00 4.373541999999999774e+01
7.421915000000000262e+00 4.373536299999999954e+01
7.422069999999999723e+00 4.373528100000000052e+01
7.422174000000000049e+00 4.373521199999999709e+01
7.422219000000000122e+00 4.373513799999999918e+01
7.422236999999999973e+00 4.373503099999999932e+01
7.422412999999999705e+00 4.373429500000000303e+01
7.422457999999999778e+00 4.373416600000000187e+01
7.422471999999999959e+00 4.373412499999999881e+01
7.422468000000000288e+00 4.373407000000000266e+01
7.422423000000000215e+00 4.373402600000000007e+01
7.422323999999999700e+00 4.373397599999999841e+01
7.422225000000000072e+00 4.373394100000000151e+01
7.422202000000000410e+00 4.373389099999999985e+01
7.422221000000000402e+00 4.373378600000000205e+01
7.422334000000000209e+00 4.373354700000000150e+01
7.422437000000000396e+00 4.373336700000000121e+01
7.422541999999999973e+00 4.373322499999999735e+01
7.422722000000000264e+00 4.373303899999999800e+01
7.422947999999999880e+00 4.373287400000000247e+01
7.423113999999999990e+00 4.373280499999999904e+01
7.423300000000000232e+00 4.373274200000000178e+01
7.423392999999999908e+00 4.373271199999999936e+01
7.423440000000000261e+00 4.373267400000000293e+01
7.423493999999999815e+00 4.373255699999999990e+01
7.423467999999999734e+00 4.373249500000000012e+01
7.423384000000000427e+00 4.373245899999999864e+01
7.423010999999999804e+00 4.373238800000000026e+01
7.422803000000000040e+00 4.373236399999999691e+01
7.422666000000000430e+00 4.373236200000000196e+01
7.422544000000000253e+00 4.373237499999999756e+01
7.422467000000000148e+00 4.373241699999999810e+01
7.422419999999999796e+00 4.373245200000000210e+01
7.422418000000000404e+00 4.373253400000000113e+01
7.422399999999999665e+00 4.373259999999999792e+01
7.422363999999999962e+00 4.373268099999999947e+01
7.422153999999999918e+00 4.373286800000000341e+01
7.421999999999999709e+00 4.373304699999999912e+01
7.421879999999999811e+00 4.373318100000000186e+01
7.421752999999999822e+00 4.373343500000000006e+01
7.421471999999999625e+00 4.373414199999999852e+01
7.421395000000000408e+00 4.373436999999999841e+01
7.421340999999999966e+00 4.373461400000000054e+01
7.421270999999999951e+00 4.373496999999999701e+01
7.421216000000000257e+00 4.373543300000000045e+01
7.421216000000000257e+00 4.373573499999999825e+01
7.421234000000000108e+00 4.373596599999999768e+01
7.421268999999999672e+00 4.373620600000000280e+01
7.421331000000000344e+00 4.373637300000000039e+01
7.421401000000000359e+00 4.373652299999999826e+01
7.421434999999999782e+00 4.373661500000000046e+01
7.421452000000000382e+00 4.373669600000000202e+01
7.421444000000000152e+00 4.373681899999999700e+01
7.421440999999999732e+00 4.373689499999999697e+01
7.421475000000000044e+00 4.373693999999999704e+01
7.421561999999999770e+00 4.373696999999999946e+01
7.421774000000000093e+00 4.373700699999999841e+01
7.421962999999999866e+00 4.373701299999999748e+01
7.422221999999999653e+00 4.373703600000000336e+01
7.422583000000000375e+00 4.373706899999999820e+01
7.422902999999999807e+00 4.373711000000000126e+01
7.423716999999999899e+00 4.373728299999999791e+01
7.424172000000000438e+00 4.373737299999999806e+01
7.424589000000000105e+00 4.373742200000000224e+01
7.424875000000000114e+00 4.373743900000000195e+01
7.425098000000000198e+00 4.373749699999999763e+01
7.425742999999999761e+00 4.373771800000000098e+01
7.426026000000000238e+00 4.373780200000000207e+01
7.426439000000000235e+00 4.373786900000000344e+01
7.426783999999999608e+00 4.373790400000000034e+01
7.427113000000000298e+00 4.373794399999999882e+01
7.427298000000000400e+00 4.373799100000000095e+01
7.427522999999999875e+00 4.373809299999999922e+01
7.427717999999999599e+00 4.373823999999999756e+01
7.427827999999999875e+00 4.373836399999999713e+01
7.427876999999999619e+00 4.373849400000000287e+01
7.427869000000000277e+00 4.373863000000000056e+01
7.427837000000000245e+00 4.373875799999999714e+01
7.427767000000000230e+00 4.373889900000000353e+01
7.427673999999999666e+00 4.373903299999999916e+01
7.427527999999999686e+00 4.373911499999999819e+01
7.427387999999999657e+00 4.373920999999999992e+01
7.427319999999999922e+00 4.373925299999999794e+01
7.427256999999999998e+00 4.373929900000000259e+01
7.427190999999999654e+00 4.373940400000000039e+01
