9.281223000000000667e+00 4.561897499999999894e+01
9.281691999999999609e+00 4.562283200000000249e+01
9.281905000000000072e+00 4.562444899999999848e+01
9.281928000000000623e+00 4.562451500000000237e+01
9.281993999999999190e+00 4.562455299999999880e+01
9.282075999999999993e+00 4.562456199999999740e+01
9.282177000000000788e+00 4.562455299999999880e+01
9.282272000000000745e+00 4.562454799999999722e+01
9.282360000000000610e+00 4.562455299999999880e+01
9.282420000000000115e+00 4.562458600000000075e+01
9.282467000000000468e+00 4.562463300000000288e+01
9.282479000000000369e+00 4.562467500000000342e+01
9.282479000000000369e+00 4.562472199999999845e+01
9.282147000000000148e+00 4.562560400000000271e+01
9.282099999999999795e+00 4.562584400000000073e+01
9.282082000000000832e+00 4.562606099999999998e+01
9.282106000000000634e+00 4.562629700000000099e+01
9.282230000000000203e+00 4.562744699999999654e+01
9.282277999999999807e+00 4.562763499999999794e+01
9.282337000000000060e+00 4.562780999999999665e+01
9.282425999999999178e+00 4.562799799999999806e+01
9.282543999999999684e+00 4.562820099999999712e+01
9.282679999999999154e+00 4.562839900000000171e+01
9.282880999999999716e+00 4.562862100000000254e+01
9.283087999999999340e+00 4.562880400000000236e+01
9.283367000000000147e+00 4.562901200000000301e+01
9.283668999999999727e+00 4.562919600000000031e+01
9.284005999999999759e+00 4.562936499999999995e+01
9.284366999999999592e+00 4.562951100000000082e+01
9.284774999999999778e+00 4.562965299999999758e+01
9.285183999999999216e+00 4.562975200000000342e+01
9.285633999999999943e+00 4.562984099999999899e+01
9.286142999999999148e+00 4.562990299999999877e+01
9.286664000000000030e+00 4.562993600000000072e+01
9.288693999999999562e+00 4.563005799999999823e+01
9.291180000000000661e+00 4.563016199999999856e+01
9.291328000000000031e+00 4.563017099999999715e+01
9.291404999999999248e+00 4.563020000000000209e+01
9.291470000000000340e+00 4.563024699999999712e+01
9.291551999999999367e+00 4.563045000000000329e+01
9.291588000000000847e+00 4.563050599999999690e+01
9.291646999999999323e+00 4.563054400000000044e+01
9.291748000000000118e+00 4.563056699999999921e+01
9.292085000000000150e+00 4.563060999999999723e+01
9.292452000000000822e+00 4.563066599999999795e+01
9.292972999999999928e+00 4.563078399999999846e+01
9.295298999999999978e+00 4.563133100000000297e+01
9.295500000000000540e+00 4.563136399999999782e+01
9.295690000000000452e+00 4.563136399999999782e+01
9.295873000000000275e+00 4.563134000000000157e+01
9.296003000000000682e+00 4.563130300000000261e+01
9.296127999999999503e+00 4.563125099999999890e+01
9.296246000000000009e+00 4.563119400000000070e+01
9.296393999999999380e+00 4.563108100000000178e+01
9.296476999999999435e+00 4.563099199999999911e+01
9.296535999999999689e+00 4.563088299999999720e+01
9.296566000000000329e+00 4.563076099999999968e+01
9.296666000000000096e+00 4.562998799999999733e+01
9.296856000000000009e+00 4.562866799999999756e+01
9.296849999999999170e+00 4.562854999999999706e+01
9.296820000000000306e+00 4.562847399999999709e+01
9.296772999999999954e+00 4.562840800000000030e+01
9.296696000000000737e+00 4.562836099999999817e+01
9.296554000000000428e+00 4.562829500000000138e+01
9.295033000000000101e+00 4.562771999999999650e+01
9.293796000000000390e+00 4.562723499999999888e+01
9.293025999999999343e+00 4.562693800000000266e+01
9.292652999999999608e+00 4.562678700000000021e+01
9.292232999999999521e+00 4.562657999999999703e+01
9.291930999999999941e+00 4.562641899999999850e+01
9.291670999999999125e+00 4.562625899999999746e+01
9.290321000000000495e+00 4.562544799999999867e+01
9.289362999999999815e+00 4.562483999999999895e+01
9.287338000000000093e+00 4.562359599999999915e+01
9.286118999999999346e+00 4.562284600000000268e+01
9.285952999999999236e+00 4.562272800000000217e+01
9.285887999999999920e+00 4.562265299999999968e+01
9.285876000000000019e+00 4.562257799999999719e+01
9.285876000000000019e+00 4.562248799999999704e+01
9.285918000000000561e+00 4.562228999999999957e+01
9.285930000000000462e+00 4.562218200000000223e+01
9.285930000000000462e+00 4.562202599999999819e+01
9.285911999999999722e+00 4.562194099999999963e+01
9.285864000000000118e+00 4.562183300000000230e+01
9.285792999999999964e+00 4.562170600000000320e+01
9.285674999999999457e+00 4.562157799999999952e+01
9.285515000000000185e+00 4.562144599999999883e+01
9.285332000000000363e+00 4.562133800000000150e+01
9.285183999999999216e+00 4.562125799999999742e+01
9.285106999999999999e+00 4.562119599999999764e+01
9.285047999999999746e+00 4.562111199999999656e+01
9.284993999999999303e+00 4.562095599999999962e+01
9.284869999999999735e+00 4.562024399999999957e+01
9.284739999999999327e+00 4.561948499999999740e+01
9.283734000000000819e+00 4.561267899999999997e+01
9.283692000000000277e+00 4.561243400000000037e+01
9.283651000000000764e+00 4.561231999999999687e+01
9.283568000000000708e+00 4.561220300000000094e+01
9.283455000000000013e+00 4.561210799999999921e+01
9.283324999999999605e+00 4.561202300000000065e+01
9.283141999999999783e+00 4.561193899999999957e+01
9.282940999999999221e+00 4.561188700000000296e+01
9.282709999999999795e+00 4.561185799999999801e+01
9.282514000000000820e+00 4.561186800000000119e+01
9.282330999999999221e+00 4.561189600000000155e+01
9.282118000000000535e+00 4.561195299999999975e+01
9.281910999999999135e+00 4.561201899999999654e+01
9.281757000000000701e+00 4.561209399999999903e+01
9.281572999999999851e+00 4.561219299999999777e+01
9.281366000000000227e+00 4.561234900000000181e+01
9.281223999999999918e+00 4.561249000000000109e+01
9.281100000000000350e+00 4.561264100000000354e+01
9.280993000000000492e+00 4.561281999999999925e+01
9.280893000000000725e+00 4.561301799999999673e+01
9.280815999999999732e+00 4.561322100000000290e+01
9.280780000000000030e+00 4.561339499999999703e+01
9.280739000000000516e+00 4.561365899999999840e+01
9.280732999999999677e+00 4.561392299999999977e+01
9.280727000000000615e+00 4.561417300000000097e+01
9.280708999999999875e+00 4.561466800000000177e+01
9.280696999999999974e+00 4.561510200000000026e+01
9.280708999999999875e+00 4.561557299999999771e+01
9.280786000000000868e+00 4.561619000000000312e+01
9.281076000000000548e+00 4.561814199999999886e+01
9.281223000000000667e+00 4.561897499999999894e+01
