-8.630810000000000315e+00 3.723211299999999824e+01
-8.631814999999999571e+00 3.723485900000000015e+01
-8.632040999999999187e+00 3.723551299999999742e+01
-8.632049000000000305e+00 3.723559500000000355e+01
-8.631995999999999114e+00 3.723567100000000352e+01
-8.631890999999999536e+00 3.723575499999999749e+01
-8.631757999999999598e+00 3.723582199999999887e+01
-8.631123000000000545e+00 3.723619899999999916e+01
-8.630677999999999628e+00 3.723644699999999830e+01
-8.630527000000000726e+00 3.723648200000000230e+01
-8.630409000000000219e+00 3.723647600000000324e+01
-8.628977000000000785e+00 3.723619800000000168e+01
-8.628899000000000541e+00 3.723614100000000349e+01
-8.628866999999999621e+00 3.723607799999999912e+01
-8.628857999999999251e+00 3.723601899999999887e+01
-8.628882000000000829e+00 3.723594700000000302e+01
-8.628966999999999388e+00 3.723587799999999959e+01
-8.629782999999999760e+00 3.723549500000000023e+01
-8.629906999999999329e+00 3.723541300000000120e+01
-8.630010000000000403e+00 3.723529400000000322e+01
-8.630043000000000575e+00 3.723522200000000026e+01
-8.630083000000000837e+00 3.723510199999999770e+01
-8.630067000000000377e+00 3.723490999999999929e+01
-8.628503000000000256e+00 3.723055599999999998e+01
-8.628422000000000480e+00 3.723036100000000204e+01
-8.628320000000000434e+00 3.723029199999999861e+01
-8.628209000000000017e+00 3.723028999999999655e+01
-8.628100999999999132e+00 3.723033800000000326e+01
-8.628037000000000845e+00 3.723042099999999976e+01
-8.628019999999999357e+00 3.723058900000000193e+01
-8.627850000000000463e+00 3.723186700000000116e+01
-8.627826999999999913e+00 3.723212199999999683e+01
-8.627869000000000455e+00 3.723241699999999810e+01
-8.627945000000000420e+00 3.723262199999999922e+01
-8.628047999999999718e+00 3.723280700000000110e+01
-8.628840999999999539e+00 3.723400699999999830e+01
-8.628882000000000829e+00 3.723413999999999646e+01
-8.628863000000000838e+00 3.723428499999999985e+01
-8.628806000000000864e+00 3.723441199999999895e+01
-8.628667999999999338e+00 3.723456399999999888e+01
-8.628059000000000367e+00 3.723514000000000124e+01
-8.627969000000000221e+00 3.723516899999999907e+01
-8.627867000000000175e+00 3.723518200000000178e+01
-8.627712999999999965e+00 3.723515799999999842e+01
-8.627589000000000397e+00 3.723508999999999958e+01
-8.627527999999999864e+00 3.723500599999999849e+01
-8.627048000000000272e+00 3.723237300000000261e+01
-8.627017999999999631e+00 3.723225500000000210e+01
-8.626941000000000415e+00 3.723210799999999665e+01
-8.626867000000000729e+00 3.723199199999999820e+01
-8.626697000000000060e+00 3.723184400000000238e+01
-8.626454999999999984e+00 3.723170999999999964e+01
-8.624838000000000449e+00 3.723104800000000125e+01
-8.624701999999999202e+00 3.723094499999999840e+01
-8.624544999999999462e+00 3.723076600000000269e+01
-8.624399000000000370e+00 3.723046399999999778e+01
-8.624377000000000848e+00 3.723033999999999821e+01
-8.624402999999999153e+00 3.723024000000000200e+01
-8.624456999999999596e+00 3.723017200000000315e+01
-8.624558000000000391e+00 3.723009900000000272e+01
-8.626288999999999874e+00 3.722967799999999983e+01
-8.626400999999999542e+00 3.722963000000000022e+01
-8.626561000000000590e+00 3.722952500000000242e+01
-8.626732000000000511e+00 3.722937499999999744e+01
-8.626856999999999331e+00 3.722919000000000267e+01
-8.626917000000000613e+00 3.722897700000000043e+01
-8.627124999999999488e+00 3.722787399999999991e+01
-8.627107999999999777e+00 3.722777099999999706e+01
-8.627038999999999902e+00 3.722769399999999962e+01
-8.626925999999999206e+00 3.722760600000000153e+01
-8.626758999999999844e+00 3.722758900000000182e+01
-8.626623000000000374e+00 3.722761100000000312e+01
-8.626561999999999841e+00 3.722764899999999955e+01
-8.625486000000000431e+00 3.722868600000000328e+01
-8.625330999999999193e+00 3.722874900000000054e+01
-8.625166000000000111e+00 3.722877700000000090e+01
-8.624955999999999179e+00 3.722873700000000241e+01
-8.624784000000000006e+00 3.722861499999999779e+01
-8.624660000000000437e+00 3.722847800000000262e+01
-8.624610000000000554e+00 3.722838000000000136e+01
-8.624558999999999642e+00 3.722817899999999725e+01
-8.624563999999999453e+00 3.722806400000000338e+01
-8.624596000000000373e+00 3.722793099999999811e+01
-8.624674000000000618e+00 3.722779799999999994e+01
-8.624890000000000612e+00 3.722755999999999688e+01
-8.625977000000000672e+00 3.722651799999999866e+01
-8.626212000000000657e+00 3.722635999999999967e+01
-8.626421000000000561e+00 3.722624900000000281e+01
-8.626587999999999923e+00 3.722618500000000097e+01
-8.626848000000000738e+00 3.722611200000000053e+01
-8.627093000000000345e+00 3.722607500000000158e+01
-8.627402000000000015e+00 3.722607399999999700e+01
-8.627644000000000091e+00 3.722610399999999942e+01
-8.627888000000000446e+00 3.722615600000000313e+01
-8.628128999999999493e+00 3.722624600000000328e+01
-8.628370000000000317e+00 3.722635700000000014e+01
-8.628567999999999572e+00 3.722650900000000007e+01
-8.628733000000000430e+00 3.722666100000000000e+01
-8.628909000000000162e+00 3.722686699999999860e+01
-8.630777999999999395e+00 3.723202400000000267e+01
-8.630810000000000315e+00 3.723211299999999824e+01
