-1.015349000000000057e+00 5.207878999999999792e+01
-1.012620000000000076e+00 5.207893599999999878e+01
-1.012135000000000007e+00 5.207891800000000160e+01
-1.011762000000000050e+00 5.207884200000000163e+01
-1.011519000000000057e+00 5.207874300000000289e+01
-1.011228999999999933e+00 5.207853599999999972e+01
-1.011045999999999889e+00 5.207829999999999870e+01
-1.010898000000000074e+00 5.207800300000000249e+01
-1.010690000000000088e+00 5.207749900000000309e+01
-1.010477000000000070e+00 5.207700400000000229e+01
-1.010353000000000057e+00 5.207645699999999778e+01
-1.010299999999999976e+00 5.207611299999999943e+01
-1.010229000000000044e+00 5.207527900000000187e+01
-1.010199000000000069e+00 5.207456700000000183e+01
-1.010151999999999939e+00 5.207428900000000027e+01
-1.009980000000000100e+00 5.207402900000000301e+01
-1.009654999999999969e+00 5.207366600000000290e+01
-1.009517999999999915e+00 5.207345899999999972e+01
-1.009524000000000088e+00 5.207330300000000278e+01
-1.009584000000000037e+00 5.207312000000000296e+01
-1.010045000000000082e+00 5.207236999999999938e+01
-1.010075000000000056e+00 5.207206800000000158e+01
-1.010003999999999902e+00 5.207185199999999980e+01
-1.009838000000000013e+00 5.207166800000000251e+01
-1.009382000000000001e+00 5.207127700000000203e+01
-1.009276000000000062e+00 5.207109700000000174e+01
-1.009263999999999939e+00 5.207088499999999698e+01
-1.009341000000000044e+00 5.207069200000000109e+01
-1.009619000000000044e+00 5.207048000000000343e+01
-1.009973999999999927e+00 5.207032399999999939e+01
-1.010459999999999914e+00 5.207014999999999816e+01
-1.010837999999999903e+00 5.207001300000000299e+01
-1.011104999999999920e+00 5.206985300000000194e+01
-1.011411999999999978e+00 5.206953699999999685e+01
-1.012016000000000027e+00 5.206884000000000157e+01
-1.015336999999999934e+00 5.206508300000000133e+01
-1.016426000000000052e+00 5.206404100000000312e+01
-1.016734000000000027e+00 5.206378600000000034e+01
-1.016982000000000053e+00 5.206365000000000265e+01
-1.017271999999999954e+00 5.206356000000000250e+01
-1.017573999999999979e+00 5.206351300000000037e+01
-1.017851999999999979e+00 5.206352700000000056e+01
-1.018159999999999954e+00 5.206356999999999857e+01
-1.018420000000000103e+00 5.206363999999999947e+01
-1.018650999999999973e+00 5.206375299999999839e+01
-1.018847000000000058e+00 5.206393299999999869e+01
-1.018906000000000089e+00 5.206400299999999959e+01
-1.019201999999999941e+00 5.206439900000000165e+01
-1.019533000000000023e+00 5.206475300000000317e+01
-1.019887999999999906e+00 5.206504499999999780e+01
-1.020130999999999899e+00 5.206522400000000061e+01
-1.020402999999999949e+00 5.206540799999999791e+01
-1.020882999999999985e+00 5.206571000000000282e+01
-1.021954000000000029e+00 5.206649699999999825e+01
-1.022061000000000108e+00 5.206653899999999879e+01
-1.022208999999999923e+00 5.206654900000000197e+01
-1.022356000000000043e+00 5.206650599999999685e+01
-1.022806000000000104e+00 5.206625600000000276e+01
-1.022960000000000091e+00 5.206622300000000081e+01
-1.023114000000000079e+00 5.206623299999999688e+01
-1.023244000000000042e+00 5.206626599999999883e+01
-1.023428000000000004e+00 5.206637400000000326e+01
-1.023622999999999950e+00 5.206649699999999825e+01
-1.023865999999999943e+00 5.206669500000000284e+01
-1.024043000000000037e+00 5.206690700000000049e+01
-1.024167999999999967e+00 5.206712399999999974e+01
-1.024273999999999907e+00 5.206736899999999935e+01
-1.024286000000000030e+00 5.206746799999999809e+01
-1.024256000000000055e+00 5.206756699999999682e+01
-1.024167999999999967e+00 5.206766100000000108e+01
-1.023954999999999949e+00 5.206786900000000173e+01
-1.020686999999999900e+00 5.207048900000000202e+01
-1.019953000000000110e+00 5.207106900000000138e+01
-1.019800000000000040e+00 5.207117800000000329e+01
-1.019533000000000023e+00 5.207128600000000063e+01
-1.019214000000000064e+00 5.207133300000000276e+01
-1.018952999999999998e+00 5.207133799999999724e+01
-1.018591999999999942e+00 5.207131900000000257e+01
-1.017586000000000102e+00 5.207122499999999832e+01
-1.017254000000000103e+00 5.207120100000000207e+01
-1.016910999999999898e+00 5.207119200000000347e+01
-1.016520000000000090e+00 5.207122499999999832e+01
-1.016164999999999985e+00 5.207128099999999904e+01
-1.015846000000000027e+00 5.207139000000000095e+01
-1.013762000000000052e+00 5.207240800000000291e+01
-1.013625999999999916e+00 5.207246399999999653e+01
-1.013460000000000027e+00 5.207251600000000025e+01
-1.013289000000000106e+00 5.207252600000000342e+01
-1.013158999999999921e+00 5.207249699999999848e+01
-1.013039999999999941e+00 5.207243100000000169e+01
-1.012969000000000008e+00 5.207235599999999920e+01
-1.012613999999999903e+00 5.207159200000000254e+01
-1.012507000000000046e+00 5.207148399999999810e+01
-1.012359999999999927e+00 5.207141800000000131e+01
-1.012188000000000088e+00 5.207141299999999973e+01
-1.011997999999999953e+00 5.207146500000000344e+01
-1.011879999999999891e+00 5.207155900000000059e+01
-1.011803000000000008e+00 5.207165799999999933e+01
-1.011654999999999971e+00 5.207190800000000053e+01
-1.011536999999999908e+00 5.207211999999999819e+01
-1.011447999999999903e+00 5.207232799999999884e+01
-1.011400999999999994e+00 5.207253000000000043e+01
-1.011371000000000020e+00 5.207274300000000267e+01
-1.011395000000000044e+00 5.207296399999999892e+01
-1.011465999999999976e+00 5.207306299999999766e+01
-1.011649000000000020e+00 5.207318999999999676e+01
-1.018402999999999947e+00 5.207697999999999894e+01
-1.018585999999999991e+00 5.207705099999999732e+01
-1.018841000000000108e+00 5.207713100000000139e+01
-1.019153999999999893e+00 5.207715900000000175e+01
-1.019479999999999942e+00 5.207713600000000298e+01
-1.019811000000000023e+00 5.207703699999999714e+01
-1.019930000000000003e+00 5.207694699999999699e+01
-1.020013000000000059e+00 5.207681500000000341e+01
-1.020148999999999972e+00 5.207612699999999961e+01
-1.020226000000000077e+00 5.207598600000000033e+01
-1.020391000000000048e+00 5.207587199999999683e+01
-1.020639999999999992e+00 5.207579700000000145e+01
-1.020912000000000042e+00 5.207577299999999809e+01
-1.021214000000000066e+00 5.207582099999999770e+01
-1.021427000000000085e+00 5.207591000000000037e+01
-1.021557000000000048e+00 5.207601400000000069e+01
-1.021657999999999955e+00 5.207613599999999821e+01
-1.021676000000000029e+00 5.207626799999999889e+01
-1.021633999999999931e+00 5.207641000000000275e+01
-1.021468999999999960e+00 5.207664100000000218e+01
-1.020599000000000034e+00 5.207770099999999758e+01
-1.020319999999999894e+00 5.207790399999999664e+01
-1.020048000000000066e+00 5.207807400000000086e+01
-1.019657000000000036e+00 5.207828099999999694e+01
-1.019338000000000077e+00 5.207841799999999921e+01
-1.018934999999999924e+00 5.207852199999999954e+01
-1.018585999999999991e+00 5.207859200000000044e+01
-1.017846000000000029e+00 5.207864899999999864e+01
-1.015349000000000057e+00 5.207878999999999792e+01
