5.965019999999999989e+00 5.044425100000000128e+01
5.963419000000000025e+00 5.044603299999999990e+01
5.963402000000000314e+00 5.044611299999999687e+01
5.963472999999999580e+00 5.044618400000000236e+01
5.963620999999999839e+00 5.044621699999999720e+01
5.963785999999999810e+00 5.044618799999999936e+01
5.964312999999999754e+00 5.044601899999999972e+01
5.965592000000000006e+00 5.044562799999999925e+01
5.966206999999999816e+00 5.044538699999999665e+01
5.966846999999999568e+00 5.044508499999999884e+01
5.967420999999999864e+00 5.044477899999999693e+01
5.967876000000000403e+00 5.044446299999999894e+01
5.970321000000000211e+00 5.044260599999999783e+01
5.970493000000000272e+00 5.044250199999999751e+01
5.970787999999999762e+00 5.044238500000000158e+01
5.971314999999999706e+00 5.044216800000000234e+01
5.971546000000000021e+00 5.044202200000000147e+01
5.971740999999999744e+00 5.044182399999999689e+01
5.971866000000000341e+00 5.044164399999999659e+01
5.971949000000000396e+00 5.044144200000000211e+01
5.972019999999999662e+00 5.044106899999999882e+01
5.972061000000000064e+00 5.044093699999999814e+01
5.972132000000000218e+00 5.044081500000000062e+01
5.972267999999999688e+00 5.044065499999999957e+01
5.973475999999999786e+00 5.043942400000000248e+01
5.974244999999999806e+00 5.043864200000000153e+01
5.974458000000000268e+00 5.043834999999999980e+01
5.974593999999999738e+00 5.043813300000000055e+01
5.974753999999999898e+00 5.043778400000000062e+01
5.975718999999999781e+00 5.043563900000000189e+01
5.977198999999999707e+00 5.043238199999999694e+01
5.977541999999999689e+00 5.043159899999999851e+01
5.977560000000000429e+00 5.043147199999999941e+01
5.977523999999999837e+00 5.043133100000000013e+01
5.977406000000000219e+00 5.043121800000000121e+01
5.977234000000000158e+00 5.043112299999999948e+01
5.977014999999999745e+00 5.043104799999999699e+01
5.976885000000000225e+00 5.043096800000000002e+01
5.976796000000000220e+00 5.043087400000000287e+01
5.976725000000000065e+00 5.043073199999999900e+01
5.976736999999999966e+00 5.043059099999999972e+01
5.977032999999999596e+00 5.042974699999999899e+01
5.977026999999999646e+00 5.042960099999999812e+01
5.976980000000000182e+00 5.042946899999999744e+01
5.976820000000000022e+00 5.042932299999999657e+01
5.976630000000000109e+00 5.042922399999999783e+01
5.973257000000000261e+00 5.042773900000000253e+01
5.973043999999999798e+00 5.042768199999999723e+01
5.972831000000000223e+00 5.042767800000000022e+01
5.972605999999999860e+00 5.042772000000000077e+01
5.972421999999999898e+00 5.042780499999999932e+01
5.972292000000000378e+00 5.042792699999999684e+01
5.972239000000000075e+00 5.042804999999999893e+01
5.972227000000000174e+00 5.042818199999999962e+01
5.972292000000000378e+00 5.042830500000000171e+01
5.972409999999999997e+00 5.042843200000000081e+01
5.972582000000000058e+00 5.042852100000000348e+01
5.974056000000000033e+00 5.042910100000000284e+01
5.974216000000000193e+00 5.042920500000000317e+01
5.974304000000000059e+00 5.042930900000000349e+01
5.974339999999999762e+00 5.042943100000000101e+01
5.974321999999999910e+00 5.042958200000000346e+01
5.973711999999999911e+00 5.043072300000000041e+01
5.973523000000000138e+00 5.043118900000000338e+01
5.973091000000000150e+00 5.043262699999999654e+01
5.972877999999999687e+00 5.043345200000000261e+01
5.972831000000000223e+00 5.043359300000000189e+01
5.972724000000000366e+00 5.043374399999999724e+01
5.972582000000000058e+00 5.043386699999999934e+01
5.972368999999999595e+00 5.043399900000000002e+01
5.972132000000000218e+00 5.043409799999999876e+01
5.971872000000000291e+00 5.043416400000000266e+01
5.971599000000000323e+00 5.043419200000000302e+01
5.970716999999999608e+00 5.043422999999999945e+01
5.970379999999999576e+00 5.043420600000000320e+01
5.970072000000000045e+00 5.043415000000000248e+01
5.969758999999999816e+00 5.043406499999999681e+01
5.969503999999999699e+00 5.043395600000000201e+01
5.969208000000000069e+00 5.043378200000000078e+01
5.969019000000000297e+00 5.043360799999999955e+01
5.968811999999999784e+00 5.043335799999999836e+01
5.967977000000000309e+00 5.043202800000000252e+01
5.967230999999999952e+00 5.043084499999999792e+01
5.967070999999999792e+00 5.043066100000000063e+01
5.966882000000000019e+00 5.043053400000000153e+01
5.966622000000000092e+00 5.043043999999999727e+01
5.966361000000000026e+00 5.043039300000000225e+01
5.966118999999999950e+00 5.043038800000000066e+01
5.965875999999999735e+00 5.043042100000000261e+01
5.965669000000000111e+00 5.043048199999999781e+01
5.965324999999999989e+00 5.043062400000000167e+01
5.965099999999999625e+00 5.043068499999999688e+01
5.964827999999999797e+00 5.043071299999999724e+01
5.964555999999999969e+00 5.043069400000000257e+01
5.964306999999999803e+00 5.043064300000000344e+01
5.964094000000000229e+00 5.043054800000000171e+01
5.963957999999999871e+00 5.043043999999999727e+01
5.963791999999999760e+00 5.043029400000000351e+01
5.962424999999999642e+00 5.042892700000000161e+01
5.962289000000000172e+00 5.042884699999999754e+01
5.962123000000000062e+00 5.042878999999999934e+01
5.961922000000000388e+00 5.042876199999999898e+01
5.961697000000000024e+00 5.042877099999999757e+01
5.961502000000000301e+00 5.042882800000000287e+01
5.960577999999999932e+00 5.042925699999999978e+01
5.960034000000000276e+00 5.042951099999999798e+01
5.959897999999999918e+00 5.042962399999999690e+01
5.959755999999999609e+00 5.042976099999999917e+01
5.959673000000000442e+00 5.042989299999999986e+01
5.959614000000000189e+00 5.043004899999999679e+01
5.959602000000000288e+00 5.043020899999999784e+01
5.959642999999999802e+00 5.043040200000000084e+01
5.959737999999999758e+00 5.043056700000000347e+01
5.959862000000000215e+00 5.043077900000000113e+01
5.960046000000000177e+00 5.043110000000000070e+01
5.960365000000000357e+00 5.043146300000000082e+01
5.960715000000000430e+00 5.043177899999999880e+01
5.961247000000000185e+00 5.043216000000000321e+01
5.962134999999999962e+00 5.043271200000000221e+01
5.962655999999999956e+00 5.043297100000000199e+01
5.963099999999999845e+00 5.043313599999999752e+01
5.965385000000000382e+00 5.043389499999999970e+01
5.965715999999999575e+00 5.043402700000000038e+01
5.966029999999999944e+00 5.043418299999999732e+01
5.966319999999999624e+00 5.043435699999999855e+01
5.966567999999999650e+00 5.043454599999999743e+01
5.966798999999999964e+00 5.043474400000000202e+01
5.967107000000000383e+00 5.043510599999999755e+01
5.967355999999999661e+00 5.043545499999999748e+01
5.967924000000000007e+00 5.043626100000000179e+01
5.968023999999999774e+00 5.043643600000000049e+01
5.968084000000000167e+00 5.043662400000000190e+01
5.968094999999999928e+00 5.043686000000000291e+01
5.968035999999999675e+00 5.043707200000000057e+01
5.967698999999999643e+00 5.043762399999999957e+01
5.967331999999999859e+00 5.043823199999999929e+01
5.966887999999999970e+00 5.043899100000000146e+01
5.966775000000000162e+00 5.043927300000000002e+01
5.966668999999999556e+00 5.043960799999999978e+01
5.966604000000000241e+00 5.043991900000000328e+01
5.966561999999999699e+00 5.044018299999999755e+01
5.966432000000000180e+00 5.044140399999999858e+01
5.966455999999999982e+00 5.044148400000000265e+01
5.966533000000000087e+00 5.044154100000000085e+01
5.966650999999999705e+00 5.044156000000000262e+01
5.966852000000000267e+00 5.044154100000000085e+01
5.967060000000000031e+00 5.044154100000000085e+01
5.967202000000000339e+00 5.044156000000000262e+01
5.967296000000000156e+00 5.044162599999999941e+01
5.967319999999999958e+00 5.044170100000000190e+01
5.967260999999999704e+00 5.044180000000000064e+01
5.966533000000000087e+00 5.044255900000000281e+01
5.965019999999999989e+00 5.044425100000000128e+01
