4.540491000000000277e+00 5.238840799999999831e+01
4.542095999999999911e+00 5.239077600000000245e+01
4.542705999999999911e+00 5.239164499999999691e+01
4.542843999999999660e+00 5.239174100000000323e+01
4.543031000000000041e+00 5.239179500000000189e+01
4.543235000000000134e+00 5.239181099999999702e+01
4.543423999999999907e+00 5.239178700000000077e+01
4.543601999999999919e+00 5.239171300000000286e+01
4.543726000000000376e+00 5.239162000000000319e+01
4.543791999999999831e+00 5.239150399999999763e+01
4.543796999999999642e+00 5.239137499999999648e+01
4.543619999999999770e+00 5.239112399999999781e+01
4.543110999999999677e+00 5.239036800000000227e+01
4.542946999999999846e+00 5.239001600000000280e+01
4.542881000000000391e+00 5.238964899999999858e+01
4.542915999999999954e+00 5.238930500000000023e+01
4.542862999999999651e+00 5.238916499999999843e+01
4.542737999999999943e+00 5.238907100000000128e+01
4.542487999999999637e+00 5.238894700000000171e+01
4.542219000000000229e+00 5.238888200000000239e+01
4.541476000000000290e+00 5.238870500000000163e+01
4.541285000000000238e+00 5.238861700000000354e+01
4.541233000000000075e+00 5.238848699999999781e+01
4.541225999999999985e+00 5.238837000000000188e+01
4.541303000000000090e+00 5.238825099999999679e+01
4.541446999999999790e+00 5.238816599999999823e+01
4.541627000000000081e+00 5.238812099999999816e+01
4.541902999999999579e+00 5.238812500000000227e+01
4.543263999999999747e+00 5.238839000000000112e+01
4.543896000000000157e+00 5.238846199999999698e+01
4.544440999999999953e+00 5.238847299999999763e+01
4.544922999999999824e+00 5.238845100000000343e+01
4.545378999999999614e+00 5.238840400000000130e+01
4.545703999999999745e+00 5.238834299999999899e+01
4.546236000000000388e+00 5.238827400000000267e+01
4.546726999999999741e+00 5.238824799999999726e+01
4.547075000000000422e+00 5.238829199999999986e+01
4.547494000000000369e+00 5.238835900000000123e+01
4.547997999999999763e+00 5.238851400000000069e+01
4.548589999999999911e+00 5.238875000000000171e+01
4.548991000000000007e+00 5.238886600000000016e+01
4.549348000000000170e+00 5.238892899999999742e+01
4.549819000000000280e+00 5.238896100000000189e+01
4.550189999999999735e+00 5.238895600000000030e+01
4.551737000000000144e+00 5.238889799999999752e+01
4.552094000000000307e+00 5.238884800000000297e+01
4.552425000000000388e+00 5.238874700000000217e+01
4.552660000000000373e+00 5.238862400000000008e+01
4.552811000000000163e+00 5.238849299999999687e+01
4.552958000000000283e+00 5.238834299999999899e+01
4.553035999999999639e+00 5.238817000000000235e+01
4.553060999999999581e+00 5.238798700000000252e+01
4.553033000000000108e+00 5.238780799999999971e+01
4.552946999999999633e+00 5.238762599999999736e+01
4.552761000000000280e+00 5.238742799999999988e+01
4.552050000000000374e+00 5.238683600000000240e+01
4.551788000000000167e+00 5.238657299999999850e+01
4.551193999999999740e+00 5.238579000000000008e+01
4.550908999999999871e+00 5.238572899999999777e+01
4.550557000000000407e+00 5.238570399999999694e+01
4.550220000000000375e+00 5.238571400000000011e+01
4.549822999999999951e+00 5.238575500000000318e+01
4.549411000000000094e+00 5.238584099999999921e+01
4.548969999999999736e+00 5.238597000000000037e+01
4.548532999999999937e+00 5.238615999999999673e+01
4.548263000000000389e+00 5.238634299999999655e+01
4.548213999999999757e+00 5.238645499999999799e+01
4.548257000000000438e+00 5.238657299999999850e+01
4.548424999999999940e+00 5.238672100000000142e+01
4.548664999999999736e+00 5.238681499999999858e+01
4.549018000000000228e+00 5.238689399999999807e+01
4.549621000000000137e+00 5.238695200000000085e+01
4.550201999999999636e+00 5.238704100000000352e+01
4.550731999999999999e+00 5.238716500000000309e+01
4.551025000000000098e+00 5.238729099999999761e+01
4.551135999999999626e+00 5.238744200000000006e+01
4.551150999999999947e+00 5.238760700000000270e+01
4.551055999999999990e+00 5.238777100000000075e+01
4.550811000000000384e+00 5.238792000000000115e+01
4.550590999999999831e+00 5.238796700000000328e+01
4.549447999999999936e+00 5.238805200000000184e+01
4.548296999999999812e+00 5.238804999999999978e+01
4.547074000000000282e+00 5.238795999999999964e+01
4.546039999999999637e+00 5.238780100000000317e+01
4.545399999999999885e+00 5.238767800000000108e+01
4.544693999999999789e+00 5.238751800000000003e+01
4.544018999999999586e+00 5.238734300000000133e+01
4.543468999999999980e+00 5.238714399999999927e+01
4.543267000000000166e+00 5.238709099999999808e+01
4.543122999999999578e+00 5.238710799999999779e+01
4.542988000000000248e+00 5.238722200000000129e+01
4.542843999999999660e+00 5.238738800000000140e+01
4.542646000000000406e+00 5.238746299999999678e+01
4.542392000000000429e+00 5.238746900000000295e+01
4.542144000000000403e+00 5.238739799999999747e+01
4.542011999999999716e+00 5.238728900000000266e+01
4.541951000000000072e+00 5.238717199999999963e+01
4.542011999999999716e+00 5.238693399999999656e+01
4.542565999999999882e+00 5.238495999999999952e+01
4.542577999999999783e+00 5.238482799999999884e+01
4.542517000000000138e+00 5.238469299999999862e+01
4.542418999999999762e+00 5.238457900000000222e+01
4.542323999999999806e+00 5.238450600000000179e+01
4.542088999999999821e+00 5.238440899999999800e+01
4.541838000000000264e+00 5.238437400000000110e+01
4.540773999999999866e+00 5.238436300000000045e+01
4.540556999999999732e+00 5.238436999999999699e+01
4.540240999999999971e+00 5.238439999999999941e+01
4.539913999999999561e+00 5.238446499999999872e+01
4.539645000000000152e+00 5.238454000000000121e+01
4.539286999999999850e+00 5.238471200000000039e+01
4.539054000000000144e+00 5.238490199999999675e+01
4.538895000000000124e+00 5.238506499999999733e+01
4.538778999999999897e+00 5.238528500000000321e+01
4.538742000000000054e+00 5.238547799999999910e+01
4.538775000000000226e+00 5.238579299999999961e+01
4.538872999999999713e+00 5.238601700000000250e+01
4.540408000000000222e+00 5.238828999999999780e+01
4.540491000000000277e+00 5.238840799999999831e+01
