0.0
0.0
2.5758309213080985
3.5462822848970137
3.735953334587579
6.96627887368735
8.21256205498818
4.481057802344971
5.174654377886656
7.490140385249451
9.444606304144372
4.759172891006291
10.919633169098178
5.026174174778019
4.735254699457242
3.0888115283254662
5.351178017588424
2.914981598853269
4.845610037751801
4.3999221406259625
4.817819552814681
15.323048487267329
4.483081434375374
8.019989407448858
7.242445178735794
3.3129742481140756
7.667641397497617
6.773424235538449
9.620034141008418
11.181899380461022
6.866837573142783
8.201389609970954
22.4577210547653
3.207680143574276
8.660686767317316
11.500896003616301
5.178432977542734
2.716126467775968
5.695178237154191
6.603745994514297
9.423875476304548
6.401692249721507
9.481032922554538
2.786195744501815
4.181864811881553
10.578758000275105
2.9791299555783097
18.535561078291067
5.049485502103394
21.538440598042367
11.64593815311448
6.25072706210373
4.673551857433568
13.85838251047929
9.174364669449117
8.53353467554337
12.231090345240483
31.434612295698926
18.12891760940868
11.440494694189923
19.5343726857128
32.590271312638976
43.47575755261672
8.397511488018235
10.096449975744349
38.48476670588966
43.31667513851443
42.09380596014959
38.54509304195247
42.64975458235741
82.67481512342708
83.09200940820105
41.05119511208836
40.73213783115895
41.69063889714316
41.971624943310324
41.85665106635465
42.399306589431355
36.79624664903271
45.3477064740837
35.510914436152284
33.1698347599631
37.37428189601976
43.183725479964345
73.83264386686392
41.018553876918034
83.1631802857463
83.1701579547595
82.90658305928471
82.60062992427815
82.78403953854152
41.763233980502186
81.83723658077153
82.6124214981632
81.99565875773946
82.75295252578104
82.67733768858537
82.6334152759865
41.81682656556311
82.75858249973889
82.4453208742752
82.81434816204779
42.93346472500707
41.83059708743625
82.36050241269237
82.4586922496123
43.260273075175945
82.68569103370565
43.030349793648554
43.03256468715732
82.84813658825446
82.24681963321167
82.61853402373228
43.15183948716035
82.84575445355371
82.91914407482038
82.45917271535964
82.62039071326505
83.24417177129416
83.06302709404713
82.44257335283045
82.51174008855732
82.74639491342923
