0.0
0.0
3.0584238806196877
19.79633020277806
12.371174307960693
5.534620632025892
4.737054945262967
2.919147082374766
3.4985965526914367
3.0733657228045574
14.075238509628555
13.603850801476398
2.96138975733609
2.342796446176281
2.8648330432050457
3.4713514328701724
6.278344445722517
6.064336460409225
2.931425315748169
21.14431474400336
8.185012420219772
3.20798515676005
12.28589896914603
39.827551762042624
16.011829843117468
14.855184928518694
44.01154180592911
44.18441696042063
42.598540274675955
43.33018492884693
43.359163491169916
34.593481399169555
39.38976291676534
43.803837407553196
38.39411886678097
40.03148705225293
82.57038704845127
40.86078362389504
82.97224404166869
82.97353627208433
43.57394596641924
43.62080398822925
44.109132374358836
43.45191137833449
41.33683946743289
82.97394718629486
83.12866905975912
83.2331197921456
82.7990293892797
82.64313658083077
43.484473736060885
83.16389644726343
43.00175046041976
82.94150103330429
82.6315711853825
61.83503916983384
82.73423236758259
82.40610894386134
65.53985894791695
82.67087023384268
82.94836800290037
82.99450228360229
82.91647896030014
82.9924556371012
82.75706573826976
82.89174771099007
82.74001043189051
83.03669944521906
82.87568256542153
82.90729111430417
82.79577841912739
82.92785636223564
82.9554389007275
82.89530271067139
82.96454177675274
82.95586962661199
83.00732800580438
82.69868115225584
82.90683822471324
82.86741229724902
82.95981435185148
82.8911644424718
83.06443009102213
