0.0
0.0
3.6502310944550107
7.666374822526657
4.225721616569004
1.8289254453465824
4.106706019106644
2.79114965627742
5.5499425642456055
9.917680152891664
4.1510409272009055
2.621396614245158
5.72750928846016
5.2169595949859655
4.772221912110382
5.4802552883049325
8.147212914343232
5.9966768584400025
5.542749070960395
5.109306547804541
3.326657931628309
2.430628380796858
5.082405013820366
10.72114823462166
4.823032322920128
8.14150623520895
3.941499536828372
6.696763611301541
27.227971422698456
16.778251945789524
11.550746697796864
9.186512334012795
9.17329962231275
6.7167570070916485
3.496456727407014
22.96008430262563
26.745576198836012
13.158288409539521
14.90374852614894
13.88646319559723
40.94038400196507
41.62505046180761
43.602092674599206
34.27598935977859
35.22181532540598
33.30834851053657
42.52690891711765
37.53129796935913
41.067789237936935
42.41828400400215
37.849736212655706
40.22389568069083
42.42216636278597
43.174747445177
43.41737236339973
42.821038917796585
42.47564483942229
43.06687296631918
42.62818484920077
42.31310824619122
39.86911079395683
43.49495011663133
32.74420067990371
83.05088835869039
44.21489567915348
83.01053996690837
48.85331202273253
43.240416516181405
46.76564070027509
80.79674207805647
81.22910000885742
81.54789585186901
41.932896086209865
82.51095475585662
44.77078914745398
43.342343837069336
82.83289018617204
43.16505147986099
44.99232956358209
44.74454604619011
41.848747569195446
82.92320247779341
43.15276022016264
43.315053984524134
83.01702896554542
82.4111077178301
82.85649279374685
44.74115646256166
81.94959846410666
82.09367031872765
82.78376054457857
82.92023312311878
82.28752771729168
82.74767152330607
82.45077657885825
82.83177500737214
82.56821224510269
82.74463433544449
54.47721677808514
82.82002185758617
82.74294651430799
82.41627225146625
83.17016519751174
82.41734692462677
82.29376558376293
49.34514218879799
82.78613637217023
