0.0
0.0
7.374120210343849
3.430926634897931
4.0343597990232745
2.6206745578144424
2.9623655807635365
2.9622557114866903
3.516222108480797
9.350292670408678
9.120995074271203
4.931431017886834
4.413741617111987
4.1098374177223524
1.7075488841116881
3.2304984511767287
4.508911641279132
2.5505410882038295
3.931292607709566
5.428118829559781
13.14932773139197
5.935897213432556
2.00316301820137
3.564044848063749
4.08931234799303
3.4085615230731046
2.3615940345661106
2.9560958604892735
6.53583630773937
4.572620510151801
5.9216078030901285
7.013979107752297
15.3541608603255
11.592011163605703
4.460266851462456
3.5881932884515084
2.7060907940050423
4.906327262951112
2.49031578299061
3.8632531278829405
1.8671812666557939
10.61532013980475
4.03170262714092
4.36172457235431
3.201471320004744
3.4830497411875125
3.1824898932572996
3.1106622325176025
11.136451483538298
23.108264524499273
10.457650686598498
2.6413264079348617
4.0357897308864805
3.202394014793331
3.7589530676066354
2.731608383014717
10.687161185116421
3.508951120393795
2.5146743402792775
3.5567006286702734
3.8546973129782542
7.963754010396146
21.358383801294014
8.99414530349547
8.738995262921138
4.6068314899018885
1.9106346894939528
2.218284618790246
8.424370312616986
8.994472997719322
3.7157960472709126
24.268589515593174
4.041586154554568
13.123569890398059
11.197163907426942
11.750899501665275
3.879552217889989
4.360064833791774
3.9786699999077784
7.38277602929423
18.02605256927795
5.83914149828205
13.40485740015597
12.499436319921415
10.2996440477941
10.849100433943178
6.059299199306328
14.34300856918654
5.274112539668408
11.193739271349596
4.355865291287386
15.923240148497403
39.95060848519212
3.1369185576186807
2.6069816380044566
3.2463651486571
6.2611498997335975
3.1909418369522453
8.81567962673267
7.422937850298603
3.7647103679040104
4.700362004878909
4.215542524064537
3.7097093723814534
6.3078559714808655
7.173021067702149
4.238888468390758
11.782978265708804
12.668137843257476
10.001108014732695
3.576441455708016
2.9866775557026153
4.019236377037595
5.525937672469223
2.5791858433388057
7.866991255487936
4.536861905404104
8.452042638301565
4.223431165345989
7.090768010433714
3.5941414017384536
3.8834795095474743
2.999619221127615
3.989234744534987
10.467924613414606
3.827360872082888
3.9218853005277228
9.23629668363843
4.833555922208059
4.682443819962009
6.7576504855414345
5.747978976764334
9.665691597292263
4.151722704829786
2.212814385109925
6.301816673297674
8.706562977795148
9.005061416570364
7.470429321250632
8.977549368463986
5.924111753867326
15.55555210901212
3.129138356811242
1.9199719028931015
2.739697326983568
3.5461590266485263
4.405479063094878
12.088058688291952
3.4237056992325137
3.9992483472222813
4.731141272016666
2.4635636776321115
4.460362659539468
4.699021399891392
4.092806617829301
7.136691413705253
4.032422510673726
2.245860976169271
9.029129257393478
4.590659742124177
3.647057405060189
5.974675659915183
2.6164896835305673
3.5031461566886684
3.1595915386110622
3.0402289165532865
8.895219317030218
6.169909913683129
2.826522007477023
5.156208721705854
7.061054033724138
6.752115254870513
4.092086529288125
3.6007841746711873
4.715630358624844
2.869074125841354
2.6463513858674315
3.191828635724979
8.472651337259197
10.361809148541862
8.224510642667786
15.404695746175188
6.227975935174036
5.391248814351877
17.172621201853016
8.37296752639718
3.6716771537396853
2.809888424410847
2.349563962397718
4.209009109890246
3.759791450802627
3.7345601417706087
9.254824575933277
6.125962836773133
4.724816243545733
4.292894385324096
4.675940142549432
4.063911293352647
3.6945255181459937
5.086416073799302
8.074491637047897
3.3300438737567095
3.5011035084660116
6.708511240689876
2.999647013989809
3.653302702999118
8.404996656322659
3.564179831912165
39.31090434616547
34.7644683000891
36.27370254426378
45.915509985668876
9.443859202233778
12.133269493264356
3.5468704941081772
17.984102703627652
13.781540106221675
4.061605360734484
5.753531980519456
11.312560201917746
11.09851262964936
3.0999896781549565
12.081533303666285
3.930164435794091
13.656294191866278
4.153616264998405
2.7485947778330737
7.404441267379674
13.227598852929415
4.294778412253265
4.321743164628775
40.373645676858985
41.48924726977731
41.74001557301495
82.88046968197447
82.96279576361212
82.99727946647026
83.19448256383865
83.21685302810997
83.33561367585213
83.24295598688832
83.23231355334077
83.3987627089639
83.40175319785268
83.42597555181135
83.4625490392551
83.53134348505385
83.32601359154228
83.31508355118454
83.52868661336176
8.66581058479509
5.7259686712591575
13.160119602636913
13.624178696552876
9.859411463543658
13.983264489145402
31.737387997810906
10.712541780697194
2.628501633134531
14.299904195994547
21.795125713767618
10.12128644712257
5.505995364575074
5.341012304807365
11.332170412300002
