0.0
0.0
7.5738088715865395
7.86632474397389
2.2617267730140327
4.894456673580658
9.106755649217915
2.042660382149118
3.3043255044046353
3.081836024414524
10.4055297290141
3.109749476932351
2.8660753114585713
3.5265638632377825
11.063279947632548
6.946610110542777
3.1606445214972747
12.391679555447263
9.139364359972587
3.0807443070130294
3.994346712802702
4.712581749212861
4.734019732969738
9.716113626568884
6.61806266908158
4.066487407185862
3.0957616496126263
6.2118912275736395
7.931318881571569
5.206713814576252
4.930798569487097
7.041097131919044
5.967396062742828
2.5629345283132983
11.6801902664541
3.849095522144721
9.176575509559667
8.450048849960783
6.080420505042449
2.5676289214070604
7.4524365189026875
9.49392251438303
8.134283480789536
5.137931984362114
5.721298923552122
3.5057487026733756
8.37543860262248
6.6334273781645505
3.2433439721239163
4.972472550935342
2.627670553409055
5.436546945286674
7.7928244208173
4.768217589363
9.094897676684587
2.523585956185922
2.674216464779001
2.246344680848171
5.864822760075341
3.271264735367831
7.602196715092834
4.032176854288455
13.282943301836806
25.831432695966452
9.759388253027195
6.461449653462209
9.0825139828992
15.64870710222033
2.0580721249121487
14.666274994945335
17.495223145377576
40.24791393045267
10.03060754998753
9.14812616856241
35.71964521059636
10.204769553205512
13.849019702518191
37.310731398156065
42.677194645972
42.65537316742499
83.18789720097013
63.972026939939525
42.66430482124136
42.16107753535858
83.32331382377274
82.14952404092595
46.6865156100497
72.2088720254626
73.2788170126675
40.279173153471454
58.75053055676229
41.84912471733267
43.58676771516776
40.53379676304354
60.016954174668044
70.4010360261897
82.84905783531796
82.24790541658274
50.95249378167886
45.81461804545741
42.320014587236365
45.81079715481238
78.01962966313747
45.58677536812275
41.98866956226364
82.93550775590003
43.38063218563365
69.0241846868743
45.38035188219594
43.226799160609595
83.03557145853297
82.86555472978694
45.427497751361024
82.68666458701797
82.73898412240966
82.82393923131184
82.74516983951955
42.39614582634143
43.2937198107731
82.74469432180769
45.68722621493706
82.66390273893093
82.85936556417879
82.7024069569374
82.8145803363782
82.74469924209401
41.97635066227804
41.962577525567426
41.908721135321024
82.84685493924005
43.43023796753938
82.92619854473124
82.85181698153242
82.66603776299587
82.67515956099496
82.78619661041316
82.90355159887277
82.6776773588374
83.03657536047359
82.90709491631054
83.08126271040844
82.7227510663499
82.6572038803962
83.08007296688976
83.2629001529436
43.097540285195414
82.9519365561961
