0.0
0.0
11.938391288210179
6.03036020539626
2.8591143757336375
7.527071916624421
15.031505738575785
10.373489888000403
6.938460975360349
11.617024514959981
4.201389922158977
6.792181482757556
2.328683199872177
2.117177189028593
5.0586835392132965
4.881453470212019
4.656791923996575
2.7950260501380106
11.181398114045692
2.709322999589792
2.446095969554032
8.973838813333668
3.6654753066659804
3.539042705623092
3.7535339058839488
6.554736327678309
4.716393967688947
14.989030232244161
5.378035067139554
2.513622638584847
3.102519507157724
3.7633345573747765
3.587116185634887
11.894370892824448
11.01946187145599
7.852911462529545
5.816118788146234
4.987748760630565
7.569955720097814
2.553419621841402
4.901472341152311
2.3576095417079292
3.124036299271289
8.917592198576825
6.784286262496507
2.8953111999379755
3.6830371198904057
5.595692761847286
3.4183956001835316
5.208215825037671
5.002985660984224
5.765058378325782
5.423605197669031
7.326979271375616
4.10799132255409
4.295168367218426
3.297983873923273
2.946122649437586
2.6807958887423338
3.9984278507560616
8.78702779239229
2.8297440598044385
5.18685631505067
2.7230573413879533
8.714901372996383
9.204060943469454
2.793292971299264
7.718548252933825
4.8906970170106
7.858303963369368
5.64998879869487
17.284134259277995
3.302308227710999
3.782686762797771
4.636005127487964
10.514248175234625
8.90827734733321
7.341696706717212
4.023515578584541
8.376534378377595
6.49193653940784
10.395371119631413
4.858514169681903
12.813683490906504
2.9804261001589016
5.337708956887352
2.2424520792084097
7.737125983072243
4.584063466103386
7.988865710385233
3.2133046065417834
7.693544369040821
10.63379861056041
11.712077050354896
8.436834545711926
2.1455907094506794
4.37902053788646
9.214098319068881
11.650845258378148
6.273881202835956
6.460504794743768
5.2539855401532884
6.122139088898287
3.3542428864564147
2.8458129398243988
4.603011319411869
6.027965717259693
4.423937980544902
3.0865473829249925
7.52047687083006
10.700644515158166
3.014738786263579
4.456142087906266
10.9175512912234
3.175085443450908
13.63729630235351
12.896127257665526
7.652180314568056
11.81205400364332
13.405745962048458
14.625942576631212
4.233104244236251
2.353248261364532
11.496382328872476
7.583271566901112
6.3161237874982445
13.170299735117052
12.117409385526818
7.424352461688195
11.261572817835722
4.998288913130562
4.33872705765682
5.204906120133521
9.343936182152891
4.304086765865626
11.517422859208859
8.052100524780384
6.240119820063309
5.357071924572561
3.146554881033648
32.09816771508539
3.4651389209318597
6.980526555259589
4.554438443248593
9.63952053809633
11.208092546285721
7.921313756549521
12.95895213767118
3.7094207105445633
18.675911717470534
9.18738426487328
3.028226030325314
8.840457474258333
33.108077597412205
18.02046917310982
12.008422313963042
16.53269715289351
29.50097442384909
4.340658760813723
4.576720950223673
7.163869811951855
11.139657105551453
34.128932963871726
38.97325151802669
12.212537240860417
29.11173340322076
14.543264789430664
28.316177292631252
27.095885586978646
8.462765249631067
25.680871177461256
13.435530068117254
10.600058088272165
15.48902029412811
15.111249919498105
32.11322329513024
13.191251826460046
25.847252820956882
35.87546149698803
36.851480790276035
36.94091838552388
20.443764194411337
35.31769844485909
36.48269157902459
32.767789389735306
30.535213077602453
32.46475256389069
30.103235151107327
31.25302658565093
30.919220847620945
31.794288975563024
29.369700257701595
30.93451102639838
27.852150237189502
30.0119154462974
29.857925358616786
31.245945455931214
28.60100980282883
27.215108476664177
29.931000797607894
29.387122977018247
30.89809246790527
28.950958020160837
31.880681200753113
30.524223079619766
30.25637717804326
28.22718906702607
31.470261342822695
31.169827878881396
30.23777039731111
29.61176751706128
34.26330519597834
30.788775099170767
34.33251263668844
27.181428815471005
30.48046556330122
30.169121348446993
30.13603688546702
29.913742321806733
32.733402625019586
31.989608763990102
29.54010416534282
32.1020199344019
31.31048841195999
33.035755013372416
31.777466140196942
31.09394763324444
32.87470106824629
30.42931655661175
29.140683285142046
27.874076469962205
31.984193975055845
33.33738409254508
31.008115907415256
29.804230293640195
31.017418250847932
30.481987958917546
35.46889098848036
33.40902042458295
33.03597949483541
30.765014572957984
31.828161001808013
27.70979592900673
29.765636996129572
25.371710759599292
34.97044959794264
30.45301275533343
30.9866639895358
31.41591639415302
35.066682834393205
27.72728616159211
26.047320510997782
33.398459652739696
32.34186863858
28.65213891331072
32.002580711299814
24.55575492071981
28.803710935255605
33.32034249070197
31.60598291987369
32.67837112590281
28.37777937157931
28.37200859318907
30.193453302919902
18.829083146026246
18.889141248334585
30.13383615630033
40.60556829732999
22.134121069869185
25.818591355558283
27.258794996997356
27.653145081457406
29.274343151215888
28.262896968717882
23.171491625141563
20.074512207185357
18.2602210418036
31.646192701790127
24.85134020592418
22.86790599112395
31.39269179150807
21.988623685999954
31.50126316980742
30.910413329141917
30.760595464063197
17.07857579983325
30.768467031590692
26.2026546306404
43.910803967910184
